# Equivalent to the 4 equivalent facets adjacent to GYNI:
-1 0 0 1 -1 0 0 1 -1 1 0 0 -1 1 0 0 -1 0 1 0 -1 0 1 0 0 0 0 0 0 1 0 1 0 0 0 0 0 -1 0 1 0 0 0 0 0 -1 0 1 0 -1 0 0 0 0 0 1 0 -1 0 0 0 0 0 1 0 0 0 -1 0 0 0 1 0 0 0 -1 0 0 0 0 0 0 0 0 0 0 -1
-1 0 0 1 -1 0 0 1 -1 1 0 0 -1 1 0 0 -1 0 1 0 -1 0 1 0 0 0 0 0 1 0 1 0 0 0 0 0 -1 0 1 0 0 0 0 0 -1 0 1 0 -1 0 0 0 0 0 1 0 -1 0 0 0 0 0 1 0 0 0 -1 0 0 0 1 0 0 0 -1 0 0 0 0 0 0 0 0 0 0 0 -1 
-1 0 1 0 -1 0 1 0 -1 1 0 0 -1 1 0 0 -1 0 0 1 -1 0 0 1 0 0 0 0 0 1 0 1 0 0 0 -1 0 0 0 1 0 0 0 -1 0 0 0 1 0 -1 0 0 0 0 0 1 0 -1 0 0 0 0 0 1 0 0 0 0 0 -1 0 1 0 0 0 0 0 -1 0 0 0 0 0 0 0 0 -1 
-1 0 1 0 -1 0 1 0 -1 1 0 0 -1 1 0 0 -1 0 0 1 -1 0 0 1 0 0 0 0 1 0 1 0 0 0 -1 0 0 0 1 0 0 0 -1 0 0 0 1 0 -1 0 0 0 0 0 1 0 -1 0 0 0 0 0 1 0 0 0 0 0 -1 0 1 0 0 0 0 0 -1 0 0 0 0 0 0 0 0 0 -1 
-1 1 0 0 -1 1 0 0 -1 0 0 1 -1 0 0 1 -1 0 1 0 -1 0 1 0 0 0 0 0 0 1 0 1 0 -1 0 0 0 0 0 1 0 -1 0 0 0 0 0 1 0 0 0 0 0 -1 0 1 0 0 0 0 0 -1 0 1 0 0 0 -1 0 0 0 1 0 0 0 -1 0 0 0 0 0 0 0 0 0 0 -1 
-1 1 0 0 -1 1 0 0 -1 0 0 1 -1 0 0 1 -1 0 1 0 -1 0 1 0 0 0 0 0 1 0 1 0 -1 0 0 0 0 0 1 0 -1 0 0 0 0 0 1 0 0 0 0 0 -1 0 1 0 0 0 0 0 -1 0 1 0 0 0 -1 0 0 0 1 0 0 0 -1 0 0 0 0 0 0 0 0 0 0 0 -1 
-1 1 1 -1 -1 1 1 -1 -1 0 0 -1 -1 0 0 -1 -1 0 0 -1 -1 0 0 -1 0 0 0 0 0 0 0 1 0 -1 0 -1 0 1 0 1 0 -1 0 -1 0 1 0 1 0 0 0 0 0 1 0 1 0 0 0 0 0 1 0 1 0 0 0 0 0 1 0 1 0 0 0 0 0 1 0 0 0 0 0 0 0 0 0 
-1 1 1 -1 -1 1 1 -1 -1 0 0 -1 -1 0 0 -1 -1 0 0 -1 -1 0 0 -1 0 0 0 0 0 0 1 0 -1 0 -1 0 1 0 1 0 -1 0 -1 0 1 0 1 0 0 0 0 0 1 0 1 0 0 0 0 0 1 0 1 0 0 0 0 0 1 0 1 0 0 0 0 0 1 0 0 0 0 0 0 0 0 0 0 
0 -1 0 1 0 -1 0 1 1 -1 0 0 1 -1 0 0 0 -1 1 0 0 -1 1 0 0 0 0 0 0 1 0 0 0 1 0 0 0 -1 0 0 0 1 0 0 0 -1 0 -1 0 1 0 0 0 0 0 -1 0 1 0 0 0 0 0 0 0 1 0 -1 0 0 0 0 0 1 0 -1 0 0 0 0 0 0 0 0 0 0 -1 
0 -1 0 1 0 -1 0 1 1 -1 0 0 1 -1 0 0 0 -1 1 0 0 -1 1 0 0 0 0 0 1 0 0 0 1 0 0 0 -1 0 0 0 1 0 0 0 -1 0 -1 0 1 0 0 0 0 0 -1 0 1 0 0 0 0 0 0 0 1 0 -1 0 0 0 0 0 1 0 -1 0 0 0 0 0 0 0 0 0 0 0 -1 
0 -1 1 0 0 -1 1 0 1 -1 0 0 1 -1 0 0 0 -1 0 1 0 -1 0 1 0 0 0 0 0 1 0 0 0 1 0 -1 0 0 0 0 0 1 0 -1 0 0 0 -1 0 1 0 0 0 0 0 -1 0 1 0 0 0 0 0 0 0 1 0 0 0 -1 0 0 0 1 0 0 0 -1 0 0 0 0 0 0 0 0 -1 
0 -1 1 0 0 -1 1 0 1 -1 0 0 1 -1 0 0 0 -1 0 1 0 -1 0 1 0 0 0 0 1 0 0 0 1 0 -1 0 0 0 0 0 1 0 -1 0 0 0 -1 0 1 0 0 0 0 0 -1 0 1 0 0 0 0 0 0 0 1 0 0 0 -1 0 0 0 1 0 0 0 -1 0 0 0 0 0 0 0 0 0 -1 
0 0 -1 1 0 0 -1 1 0 1 -1 0 0 1 -1 0 1 0 -1 0 1 0 -1 0 0 0 0 0 0 1 0 0 0 0 0 1 0 -1 0 0 0 0 0 1 0 -1 0 0 0 -1 0 1 0 0 0 0 0 -1 0 1 0 0 0 -1 0 0 0 1 0 0 0 -1 0 0 0 1 0 0 0 0 0 0 0 0 0 0 -1 
0 0 -1 1 0 0 -1 1 0 1 -1 0 0 1 -1 0 1 0 -1 0 1 0 -1 0 0 0 0 0 1 0 0 0 0 0 1 0 -1 0 0 0 0 0 1 0 -1 0 0 0 -1 0 1 0 0 0 0 0 -1 0 1 0 0 0 -1 0 0 0 1 0 0 0 -1 0 0 0 1 0 0 0 0 0 0 0 0 0 0 0 -1 
0 0 0 0 0 0 0 0 0 0 0 0 0 0 0 0 0 0 0 0 0 0 0 0 0 0 0 0 -2 0 0 0 0 0 0 0 0 0 0 0 0 0 0 0 0 0 0 0 1 0 1 0 0 0 0 0 1 0 1 0 0 0 1 0 0 0 0 0 1 0 1 0 0 0 0 0 1 0 0 0 0 0 0 0 0 0 0 
0 0 0 0 0 0 0 0 0 0 0 0 0 0 0 0 0 0 0 0 0 0 0 0 0 0 0 0 -2 0 0 0 0 0 0 0 0 0 0 0 0 0 0 0 0 0 1 0 0 0 0 0 1 0 1 0 0 0 0 0 1 0 0 0 1 0 1 0 0 0 0 0 1 0 1 0 0 0 0 0 0 0 0 0 0 0 0 
0 0 0 0 0 0 0 0 0 0 0 0 0 0 0 0 0 0 0 0 0 0 0 0 0 0 0 0 -1 0 -1 0 0 0 0 0 1 0 -1 0 0 0 0 0 1 0 -1 0 1 0 0 0 0 0 -1 0 1 0 0 0 0 0 -1 0 0 0 1 0 0 0 -1 0 0 0 1 0 0 0 0 0 0 0 0 0 0 0 0 
0 0 0 0 0 0 0 0 0 0 0 0 0 0 0 0 0 0 0 0 0 0 0 0 0 0 0 0 -1 0 -1 0 0 0 1 0 0 0 -1 0 0 0 1 0 0 0 -1 0 1 0 0 0 0 0 -1 0 1 0 0 0 0 0 -1 0 0 0 0 0 1 0 -1 0 0 0 0 0 1 0 0 0 0 0 0 0 0 0 0 
0 0 0 0 0 0 0 0 0 0 0 0 0 0 0 0 0 0 0 0 0 0 0 0 0 0 0 0 -1 0 -1 0 1 0 0 0 0 0 -1 0 1 0 0 0 0 0 -1 0 0 0 0 0 1 0 -1 0 0 0 0 0 1 0 -1 0 0 0 1 0 0 0 -1 0 0 0 1 0 0 0 0 0 0 0 0 0 0 0 0 
0 0 0 0 0 0 0 0 0 0 0 0 0 0 0 0 0 0 0 0 0 0 0 0 0 0 0 0 -1 0 0 0 -1 0 0 0 1 0 0 0 -1 0 0 0 1 0 1 0 -1 0 0 0 0 0 1 0 -1 0 0 0 0 0 0 0 -1 0 1 0 0 0 0 0 -1 0 1 0 0 0 0 0 0 0 0 0 0 0 0 
0 0 0 0 0 0 0 0 0 0 0 0 0 0 0 0 0 0 0 0 0 0 0 0 0 0 0 0 -1 0 0 0 -1 0 1 0 0 0 0 0 -1 0 1 0 0 0 1 0 -1 0 0 0 0 0 1 0 -1 0 0 0 0 0 0 0 -1 0 0 0 1 0 0 0 -1 0 0 0 1 0 0 0 0 0 0 0 0 0 0 
0 0 0 0 0 0 0 0 0 0 0 0 0 0 0 0 0 0 0 0 0 0 0 0 0 0 0 0 -1 0 0 0 0 0 -1 0 1 0 0 0 0 0 -1 0 1 0 0 0 1 0 -1 0 0 0 0 0 1 0 -1 0 0 0 1 0 0 0 -1 0 0 0 1 0 0 0 -1 0 0 0 0 0 0 0 0 0 0 0 0 
0 0 0 0 0 0 0 0 0 0 0 0 0 0 0 0 0 0 0 0 0 0 0 0 0 0 0 0 -1 0 0 0 0 0 1 0 -1 0 0 0 0 0 1 0 -1 0 1 0 0 0 0 0 -1 0 1 0 0 0 0 0 -1 0 0 0 1 0 0 0 -1 0 0 0 1 0 0 0 -1 0 0 0 0 0 0 0 0 0 0 
0 0 0 0 0 0 0 0 0 0 0 0 0 0 0 0 0 0 0 0 0 0 0 0 0 0 0 0 -1 0 0 0 1 0 -1 0 0 0 0 0 1 0 -1 0 0 0 0 0 0 0 -1 0 1 0 0 0 0 0 -1 0 1 0 1 0 0 0 -1 0 0 0 1 0 0 0 -1 0 0 0 0 0 0 0 0 0 0 0 0 
0 0 0 0 0 0 0 0 0 0 0 0 0 0 0 0 0 0 0 0 0 0 0 0 0 0 0 0 -1 0 0 0 1 0 0 0 -1 0 0 0 1 0 0 0 -1 0 0 0 0 0 1 0 -1 0 0 0 0 0 1 0 -1 0 1 0 0 0 0 0 -1 0 1 0 0 0 0 0 -1 0 0 0 0 0 0 0 0 0 0 
0 0 0 0 0 0 0 0 0 0 0 0 0 0 0 0 0 0 0 0 0 0 0 0 0 0 0 0 -1 0 1 0 -1 0 0 0 0 0 1 0 -1 0 0 0 0 0 0 0 -1 0 1 0 0 0 0 0 -1 0 1 0 0 0 0 0 -1 0 0 0 1 0 0 0 -1 0 0 0 1 0 0 0 0 0 0 0 0 0 0 
0 0 0 0 0 0 0 0 0 0 0 0 0 0 0 0 0 0 0 0 0 0 0 0 0 0 0 0 -1 0 1 0 0 0 -1 0 0 0 1 0 0 0 -1 0 0 0 0 0 0 0 -1 0 1 0 0 0 0 0 -1 0 1 0 0 0 1 0 -1 0 0 0 0 0 1 0 -1 0 0 0 0 0 0 0 0 0 0 0 0 
0 0 0 0 0 0 0 0 0 0 0 0 0 0 0 0 0 0 0 0 0 0 0 0 0 0 0 0 -1 0 1 0 0 0 0 0 -1 0 1 0 0 0 0 0 -1 0 0 0 0 0 1 0 -1 0 0 0 0 0 1 0 -1 0 0 0 1 0 0 0 -1 0 0 0 1 0 0 0 -1 0 0 0 0 0 0 0 0 0 0 
0 0 0 0 0 0 0 0 0 0 0 0 0 0 0 0 0 0 0 0 0 0 0 0 0 0 0 0 0 -2 0 0 0 0 0 0 0 0 0 0 0 0 0 0 0 0 0 0 0 1 0 1 0 0 0 0 0 1 0 1 0 0 0 1 0 0 0 0 0 1 0 1 0 0 0 0 0 1 0 0 0 0 0 0 0 0 0 
0 0 0 0 0 0 0 0 0 0 0 0 0 0 0 0 0 0 0 0 0 0 0 0 0 0 0 0 0 -2 0 0 0 0 0 0 0 0 0 0 0 0 0 0 0 0 0 1 0 0 0 0 0 1 0 1 0 0 0 0 0 1 0 0 0 1 0 1 0 0 0 0 0 1 0 1 0 0 0 0 0 0 0 0 0 0 0 
0 0 0 0 0 0 0 0 0 0 0 0 0 0 0 0 0 0 0 0 0 0 0 0 0 0 0 0 0 -1 0 -1 0 0 0 0 0 1 0 -1 0 0 0 0 0 1 0 -1 0 1 0 0 0 0 0 -1 0 1 0 0 0 0 0 -1 0 0 0 1 0 0 0 -1 0 0 0 1 0 0 0 0 0 0 0 0 0 0 0 
0 0 0 0 0 0 0 0 0 0 0 0 0 0 0 0 0 0 0 0 0 0 0 0 0 0 0 0 0 -1 0 -1 0 0 0 1 0 0 0 -1 0 0 0 1 0 0 0 -1 0 1 0 0 0 0 0 -1 0 1 0 0 0 0 0 -1 0 0 0 0 0 1 0 -1 0 0 0 0 0 1 0 0 0 0 0 0 0 0 0 
0 0 0 0 0 0 0 0 0 0 0 0 0 0 0 0 0 0 0 0 0 0 0 0 0 0 0 0 0 -1 0 -1 0 1 0 0 0 0 0 -1 0 1 0 0 0 0 0 -1 0 0 0 0 0 1 0 -1 0 0 0 0 0 1 0 -1 0 0 0 1 0 0 0 -1 0 0 0 1 0 0 0 0 0 0 0 0 0 0 0 
0 0 0 0 0 0 0 0 0 0 0 0 0 0 0 0 0 0 0 0 0 0 0 0 0 0 0 0 0 -1 0 0 0 -1 0 0 0 1 0 0 0 -1 0 0 0 1 0 1 0 -1 0 0 0 0 0 1 0 -1 0 0 0 0 0 0 0 -1 0 1 0 0 0 0 0 -1 0 1 0 0 0 0 0 0 0 0 0 0 0 
0 0 0 0 0 0 0 0 0 0 0 0 0 0 0 0 0 0 0 0 0 0 0 0 0 0 0 0 0 -1 0 0 0 -1 0 1 0 0 0 0 0 -1 0 1 0 0 0 1 0 -1 0 0 0 0 0 1 0 -1 0 0 0 0 0 0 0 -1 0 0 0 1 0 0 0 -1 0 0 0 1 0 0 0 0 0 0 0 0 0 
0 0 0 0 0 0 0 0 0 0 0 0 0 0 0 0 0 0 0 0 0 0 0 0 0 0 0 0 0 -1 0 0 0 0 0 -1 0 1 0 0 0 0 0 -1 0 1 0 0 0 1 0 -1 0 0 0 0 0 1 0 -1 0 0 0 1 0 0 0 -1 0 0 0 1 0 0 0 -1 0 0 0 0 0 0 0 0 0 0 0 
0 0 0 0 0 0 0 0 0 0 0 0 0 0 0 0 0 0 0 0 0 0 0 0 0 0 0 0 0 -1 0 0 0 0 0 1 0 -1 0 0 0 0 0 1 0 -1 0 1 0 0 0 0 0 -1 0 1 0 0 0 0 0 -1 0 0 0 1 0 0 0 -1 0 0 0 1 0 0 0 -1 0 0 0 0 0 0 0 0 0 
0 0 0 0 0 0 0 0 0 0 0 0 0 0 0 0 0 0 0 0 0 0 0 0 0 0 0 0 0 -1 0 0 0 1 0 -1 0 0 0 0 0 1 0 -1 0 0 0 0 0 0 0 -1 0 1 0 0 0 0 0 -1 0 1 0 1 0 0 0 -1 0 0 0 1 0 0 0 -1 0 0 0 0 0 0 0 0 0 0 0 
0 0 0 0 0 0 0 0 0 0 0 0 0 0 0 0 0 0 0 0 0 0 0 0 0 0 0 0 0 -1 0 0 0 1 0 0 0 -1 0 0 0 1 0 0 0 -1 0 0 0 0 0 1 0 -1 0 0 0 0 0 1 0 -1 0 1 0 0 0 0 0 -1 0 1 0 0 0 0 0 -1 0 0 0 0 0 0 0 0 0 
0 0 0 0 0 0 0 0 0 0 0 0 0 0 0 0 0 0 0 0 0 0 0 0 0 0 0 0 0 -1 0 1 0 -1 0 0 0 0 0 1 0 -1 0 0 0 0 0 0 0 -1 0 1 0 0 0 0 0 -1 0 1 0 0 0 0 0 -1 0 0 0 1 0 0 0 -1 0 0 0 1 0 0 0 0 0 0 0 0 0 
0 0 0 0 0 0 0 0 0 0 0 0 0 0 0 0 0 0 0 0 0 0 0 0 0 0 0 0 0 -1 0 1 0 0 0 -1 0 0 0 1 0 0 0 -1 0 0 0 0 0 0 0 -1 0 1 0 0 0 0 0 -1 0 1 0 0 0 1 0 -1 0 0 0 0 0 1 0 -1 0 0 0 0 0 0 0 0 0 0 0 
0 0 0 0 0 0 0 0 0 0 0 0 0 0 0 0 0 0 0 0 0 0 0 0 0 0 0 0 0 -1 0 1 0 0 0 0 0 -1 0 1 0 0 0 0 0 -1 0 0 0 0 0 1 0 -1 0 0 0 0 0 1 0 -1 0 0 0 1 0 0 0 -1 0 0 0 1 0 0 0 -1 0 0 0 0 0 0 0 0 0 
0 0 0 0 0 0 0 0 0 0 0 0 0 0 0 0 0 0 0 0 0 0 0 0 0 0 0 0 0 0 -1 0 1 0 1 0 -1 0 -1 0 1 0 1 0 -1 0 -1 0 0 0 0 0 -1 0 -1 0 0 0 0 0 -1 0 -1 0 0 0 0 0 -1 0 -1 0 0 0 0 0 -1 0 0 0 0 0 0 0 0 0 0 
0 0 0 0 0 0 0 0 0 0 0 0 0 0 0 0 0 0 0 0 0 0 0 0 0 0 0 0 0 0 0 -1 0 1 0 1 0 -1 0 -1 0 1 0 1 0 -1 0 -1 0 0 0 0 0 -1 0 -1 0 0 0 0 0 -1 0 -1 0 0 0 0 0 -1 0 -1 0 0 0 0 0 -1 0 0 0 0 0 0 0 0 0 
0 0 0 0 0 0 0 0 0 0 0 0 0 0 0 0 0 0 0 0 0 0 0 0 0 0 0 0 0 0 0 1 0 -1 0 -1 0 1 0 1 0 -1 0 -1 0 1 0 0 0 -1 0 -1 0 0 0 0 0 -1 0 -1 0 0 0 0 0 -1 0 -1 0 0 0 0 0 -1 0 -1 0 0 0 0 0 0 0 0 0 0 0 
0 0 0 0 0 0 0 0 0 0 0 0 0 0 0 0 0 0 0 0 0 0 0 0 0 0 0 0 0 0 1 0 -1 0 -1 0 1 0 1 0 -1 0 -1 0 1 0 0 0 -1 0 -1 0 0 0 0 0 -1 0 -1 0 0 0 0 0 -1 0 -1 0 0 0 0 0 -1 0 -1 0 0 0 0 0 0 0 0 0 0 0 0 
0 0 0 0 0 0 0 0 0 1 1 0 0 1 1 0 1 0 0 1 1 0 0 1 0 0 0 0 0 2 0 0 0 0 0 0 0 0 0 0 0 0 0 0 0 0 0 0 0 -1 0 -1 0 0 0 0 0 -1 0 -1 0 0 0 -1 0 0 0 0 0 -1 0 -1 0 0 0 0 0 -1 0 0 0 0 0 0 0 0 -2 
0 0 0 0 0 0 0 0 0 1 1 0 0 1 1 0 1 0 0 1 1 0 0 1 0 0 0 0 2 0 0 0 0 0 0 0 0 0 0 0 0 0 0 0 0 0 0 0 -1 0 -1 0 0 0 0 0 -1 0 -1 0 0 0 -1 0 0 0 0 0 -1 0 -1 0 0 0 0 0 -1 0 0 0 0 0 0 0 0 0 -2 
0 0 0 0 0 0 0 0 1 0 0 1 1 0 0 1 0 1 1 0 0 1 1 0 0 0 0 0 0 2 0 0 0 0 0 0 0 0 0 0 0 0 0 0 0 0 0 -1 0 0 0 0 0 -1 0 -1 0 0 0 0 0 -1 0 0 0 -1 0 -1 0 0 0 0 0 -1 0 -1 0 0 0 0 0 0 0 0 0 0 -2 
0 0 0 0 0 0 0 0 1 0 0 1 1 0 0 1 0 1 1 0 0 1 1 0 0 0 0 0 2 0 0 0 0 0 0 0 0 0 0 0 0 0 0 0 0 0 -1 0 0 0 0 0 -1 0 -1 0 0 0 0 0 -1 0 0 0 -1 0 -1 0 0 0 0 0 -1 0 -1 0 0 0 0 0 0 0 0 0 0 0 -2 
0 0 1 -1 0 0 1 -1 1 0 0 -1 1 0 0 -1 0 1 0 -1 0 1 0 -1 0 0 0 0 0 1 0 0 0 0 0 -1 0 1 0 0 0 0 0 -1 0 1 0 -1 0 0 0 0 0 1 0 -1 0 0 0 0 0 1 0 0 0 -1 0 0 0 1 0 0 0 -1 0 0 0 1 0 0 0 0 0 0 0 0 -1 
0 0 1 -1 0 0 1 -1 1 0 0 -1 1 0 0 -1 0 1 0 -1 0 1 0 -1 0 0 0 0 1 0 0 0 0 0 -1 0 1 0 0 0 0 0 -1 0 1 0 -1 0 0 0 0 0 1 0 -1 0 0 0 0 0 1 0 0 0 -1 0 0 0 1 0 0 0 -1 0 0 0 1 0 0 0 0 0 0 0 0 0 -1 
0 1 -1 0 0 1 -1 0 0 0 -1 1 0 0 -1 1 1 0 -1 0 1 0 -1 0 0 0 0 0 0 1 0 0 0 -1 0 1 0 0 0 0 0 -1 0 1 0 0 0 0 0 0 0 1 0 -1 0 0 0 0 0 1 0 -1 0 -1 0 0 0 1 0 0 0 -1 0 0 0 1 0 0 0 0 0 0 0 0 0 0 -1 
0 1 -1 0 0 1 -1 0 0 0 -1 1 0 0 -1 1 1 0 -1 0 1 0 -1 0 0 0 0 0 1 0 0 0 -1 0 1 0 0 0 0 0 -1 0 1 0 0 0 0 0 0 0 1 0 -1 0 0 0 0 0 1 0 -1 0 -1 0 0 0 1 0 0 0 -1 0 0 0 1 0 0 0 0 0 0 0 0 0 0 0 -1 
0 1 0 -1 0 1 0 -1 0 0 1 -1 0 0 1 -1 1 0 0 -1 1 0 0 -1 0 0 0 0 0 1 0 0 0 -1 0 0 0 1 0 0 0 -1 0 0 0 1 0 0 0 0 0 -1 0 1 0 0 0 0 0 -1 0 1 0 -1 0 0 0 0 0 1 0 -1 0 0 0 0 0 1 0 0 0 0 0 0 0 0 -1 
0 1 0 -1 0 1 0 -1 0 0 1 -1 0 0 1 -1 1 0 0 -1 1 0 0 -1 0 0 0 0 1 0 0 0 -1 0 0 0 1 0 0 0 -1 0 0 0 1 0 0 0 0 0 -1 0 1 0 0 0 0 0 -1 0 1 0 -1 0 0 0 0 0 1 0 -1 0 0 0 0 0 1 0 0 0 0 0 0 0 0 0 -1 
1 -1 -1 1 1 -1 -1 1 0 -1 -1 0 0 -1 -1 0 0 -1 -1 0 0 -1 -1 0 0 0 0 0 0 0 -1 0 1 0 1 0 -1 0 -1 0 1 0 1 0 -1 0 0 0 1 0 1 0 0 0 0 0 1 0 1 0 0 0 0 0 1 0 1 0 0 0 0 0 1 0 1 0 0 0 0 0 0 0 0 0 0 0 0 
1 -1 -1 1 1 -1 -1 1 0 -1 -1 0 0 -1 -1 0 0 -1 -1 0 0 -1 -1 0 0 0 0 0 0 0 0 -1 0 1 0 1 0 -1 0 -1 0 1 0 1 0 -1 0 0 0 1 0 1 0 0 0 0 0 1 0 1 0 0 0 0 0 1 0 1 0 0 0 0 0 1 0 1 0 0 0 0 0 0 0 0 0 0 0 
1 -1 0 0 1 -1 0 0 0 -1 1 0 0 -1 1 0 0 -1 0 1 0 -1 0 1 0 0 0 0 0 1 0 -1 0 1 0 0 0 0 0 -1 0 1 0 0 0 0 0 0 0 1 0 -1 0 0 0 0 0 1 0 -1 0 0 0 0 0 1 0 0 0 -1 0 0 0 1 0 0 0 -1 0 0 0 0 0 0 0 0 -1 
1 -1 0 0 1 -1 0 0 0 -1 1 0 0 -1 1 0 0 -1 0 1 0 -1 0 1 0 0 0 0 1 0 -1 0 1 0 0 0 0 0 -1 0 1 0 0 0 0 0 0 0 1 0 -1 0 0 0 0 0 1 0 -1 0 0 0 0 0 1 0 0 0 -1 0 0 0 1 0 0 0 -1 0 0 0 0 0 0 0 0 0 -1 
1 0 -1 0 1 0 -1 0 0 0 -1 1 0 0 -1 1 0 1 -1 0 0 1 -1 0 0 0 0 0 0 1 0 -1 0 0 0 1 0 0 0 -1 0 0 0 1 0 0 0 0 0 0 0 1 0 -1 0 0 0 0 0 1 0 -1 0 0 0 -1 0 1 0 0 0 0 0 -1 0 1 0 0 0 0 0 0 0 0 0 0 -1 
1 0 -1 0 1 0 -1 0 0 0 -1 1 0 0 -1 1 0 1 -1 0 0 1 -1 0 0 0 0 0 1 0 -1 0 0 0 1 0 0 0 -1 0 0 0 1 0 0 0 0 0 0 0 1 0 -1 0 0 0 0 0 1 0 -1 0 0 0 -1 0 1 0 0 0 0 0 -1 0 1 0 0 0 0 0 0 0 0 0 0 0 -1 
1 0 0 -1 1 0 0 -1 0 0 1 -1 0 0 1 -1 0 1 0 -1 0 1 0 -1 0 0 0 0 0 1 0 -1 0 0 0 0 0 1 0 -1 0 0 0 0 0 1 0 0 0 0 0 -1 0 1 0 0 0 0 0 -1 0 1 0 0 0 -1 0 0 0 1 0 0 0 -1 0 0 0 1 0 0 0 0 0 0 0 0 -1 
1 0 0 -1 1 0 0 -1 0 0 1 -1 0 0 1 -1 0 1 0 -1 0 1 0 -1 0 0 0 0 1 0 -1 0 0 0 0 0 1 0 -1 0 0 0 0 0 1 0 0 0 0 0 -1 0 1 0 0 0 0 0 -1 0 1 0 0 0 -1 0 0 0 1 0 0 0 -1 0 0 0 1 0 0 0 0 0 0 0 0 0 -1

# Equivalent to the 4 equivalent facets adjacent to LGYNI:
-1 0 0 1 -1 0 0 1 -1 1 0 0 -1 1 0 0 0 0 0 1 0 0 0 1 0 0 0 0 0 1 0 1 0 0 0 0 0 -1 0 1 0 0 0 0 0 -1 0 1 0 -1 0 0 0 0 0 1 0 -1 0 0 0 0 0 0 0 0 0 0 0 -1 0 0 0 0 0 0 0 -1 0 0 0 0 0 0 0 0 -1 
-1 0 0 1 -1 0 0 1 -1 1 0 0 -1 1 0 0 0 0 0 1 0 0 0 1 0 0 0 0 1 0 1 0 0 0 0 0 -1 0 1 0 0 0 0 0 -1 0 1 0 -1 0 0 0 0 0 1 0 -1 0 0 0 0 0 0 0 0 0 0 0 -1 0 0 0 0 0 0 0 -1 0 0 0 0 0 0 0 0 0 -1 
-1 0 0 1 -1 0 0 1 0 0 0 1 0 0 0 1 -1 0 1 0 -1 0 1 0 0 0 0 0 0 1 0 1 0 0 0 0 0 -1 0 1 0 0 0 0 0 -1 0 0 0 0 0 0 0 -1 0 0 0 0 0 0 0 -1 0 1 0 0 0 -1 0 0 0 1 0 0 0 -1 0 0 0 0 0 0 0 0 0 0 -1 
-1 0 0 1 -1 0 0 1 0 0 0 1 0 0 0 1 -1 0 1 0 -1 0 1 0 0 0 0 0 1 0 1 0 0 0 0 0 -1 0 1 0 0 0 0 0 -1 0 0 0 0 0 0 0 -1 0 0 0 0 0 0 0 -1 0 1 0 0 0 -1 0 0 0 1 0 0 0 -1 0 0 0 0 0 0 0 0 0 0 0 -1 
-1 0 1 -1 -1 0 1 -1 0 0 0 -1 0 0 0 -1 -1 0 0 0 -1 0 0 0 0 0 0 0 0 0 0 1 0 0 0 -1 0 1 0 1 0 0 0 -1 0 1 0 0 0 0 0 0 0 1 0 0 0 0 0 0 0 1 0 1 0 0 0 0 0 0 0 1 0 0 0 0 0 0 0 0 0 0 0 0 0 0 0 
-1 0 1 -1 -1 0 1 -1 0 0 0 -1 0 0 0 -1 -1 0 0 0 -1 0 0 0 0 0 0 0 0 0 1 0 0 0 -1 0 1 0 1 0 0 0 -1 0 1 0 0 0 0 0 0 0 1 0 0 0 0 0 0 0 1 0 1 0 0 0 0 0 0 0 1 0 0 0 0 0 0 0 0 0 0 0 0 0 0 0 0 
-1 1 0 -1 -1 1 0 -1 -1 0 0 0 -1 0 0 0 0 0 0 -1 0 0 0 -1 0 0 0 0 0 0 0 1 0 -1 0 0 0 1 0 1 0 -1 0 0 0 1 0 1 0 0 0 0 0 0 0 1 0 0 0 0 0 0 0 0 0 0 0 0 0 1 0 0 0 0 0 0 0 1 0 0 0 0 0 0 0 0 0 
-1 1 0 -1 -1 1 0 -1 -1 0 0 0 -1 0 0 0 0 0 0 -1 0 0 0 -1 0 0 0 0 0 0 1 0 -1 0 0 0 1 0 1 0 -1 0 0 0 1 0 1 0 0 0 0 0 0 0 1 0 0 0 0 0 0 0 0 0 0 0 0 0 1 0 0 0 0 0 0 0 1 0 0 0 0 0 0 0 0 0 0 
-1 1 1 0 -1 1 1 0 -1 1 0 0 -1 1 0 0 -1 0 1 0 -1 0 1 0 0 0 0 0 0 1 0 1 0 -1 0 -1 0 0 0 1 0 -1 0 -1 0 0 0 1 0 -1 0 0 0 0 0 1 0 -1 0 0 0 0 0 1 0 0 0 -1 0 0 0 1 0 0 0 -1 0 0 0 0 0 0 0 0 0 0 -1 
-1 1 1 0 -1 1 1 0 -1 1 0 0 -1 1 0 0 -1 0 1 0 -1 0 1 0 0 0 0 0 1 0 1 0 -1 0 -1 0 0 0 1 0 -1 0 -1 0 0 0 1 0 -1 0 0 0 0 0 1 0 -1 0 0 0 0 0 1 0 0 0 -1 0 0 0 1 0 0 0 -1 0 0 0 0 0 0 0 0 0 0 0 -1 
0 -1 -1 1 0 -1 -1 1 0 0 -1 0 0 0 -1 0 0 -1 0 0 0 -1 0 0 0 0 0 0 0 0 0 0 0 1 0 1 0 -1 0 0 0 1 0 1 0 -1 0 0 0 0 0 1 0 0 0 0 0 0 0 1 0 0 0 0 0 1 0 0 0 0 0 0 0 1 0 0 0 0 0 0 0 0 0 0 0 0 0 
0 -1 -1 1 0 -1 -1 1 0 0 -1 0 0 0 -1 0 0 -1 0 0 0 -1 0 0 0 0 0 0 0 0 0 0 1 0 1 0 -1 0 0 0 1 0 1 0 -1 0 0 0 0 0 1 0 0 0 0 0 0 0 1 0 0 0 0 0 1 0 0 0 0 0 0 0 1 0 0 0 0 0 0 0 0 0 0 0 0 0 0 
0 -1 1 0 0 -1 1 0 0 0 1 0 0 0 1 0 0 -1 0 1 0 -1 0 1 0 0 0 0 0 1 0 0 0 1 0 -1 0 0 0 0 0 1 0 -1 0 0 0 0 0 0 0 -1 0 0 0 0 0 0 0 -1 0 0 0 0 0 1 0 0 0 -1 0 0 0 1 0 0 0 -1 0 0 0 0 0 0 0 0 -1 
0 -1 1 0 0 -1 1 0 0 0 1 0 0 0 1 0 0 -1 0 1 0 -1 0 1 0 0 0 0 1 0 0 0 1 0 -1 0 0 0 0 0 1 0 -1 0 0 0 0 0 0 0 -1 0 0 0 0 0 0 0 -1 0 0 0 0 0 1 0 0 0 -1 0 0 0 1 0 0 0 -1 0 0 0 0 0 0 0 0 0 -1 
0 -1 1 0 0 -1 1 0 1 -1 0 0 1 -1 0 0 0 0 1 0 0 0 1 0 0 0 0 0 0 1 0 0 0 1 0 -1 0 0 0 0 0 1 0 -1 0 0 0 -1 0 1 0 0 0 0 0 -1 0 1 0 0 0 0 0 0 0 0 0 -1 0 0 0 0 0 0 0 -1 0 0 0 0 0 0 0 0 0 0 -1 
0 -1 1 0 0 -1 1 0 1 -1 0 0 1 -1 0 0 0 0 1 0 0 0 1 0 0 0 0 0 1 0 0 0 1 0 -1 0 0 0 0 0 1 0 -1 0 0 0 -1 0 1 0 0 0 0 0 -1 0 1 0 0 0 0 0 0 0 0 0 -1 0 0 0 0 0 0 0 -1 0 0 0 0 0 0 0 0 0 0 0 -1 
0 0 0 0 0 0 0 0 0 0 0 0 0 0 0 0 0 0 0 0 0 0 0 0 0 0 0 0 -1 0 -1 0 0 0 0 0 1 0 -1 0 0 0 0 0 1 0 -1 0 1 0 0 0 0 0 -1 0 1 0 0 0 0 0 0 0 0 0 0 0 1 0 0 0 0 0 0 0 1 0 0 0 0 0 0 0 0 0 0 
0 0 0 0 0 0 0 0 0 0 0 0 0 0 0 0 0 0 0 0 0 0 0 0 0 0 0 0 -1 0 -1 0 0 0 0 0 1 0 -1 0 0 0 0 0 1 0 0 0 0 0 0 0 1 0 0 0 0 0 0 0 1 0 -1 0 0 0 1 0 0 0 -1 0 0 0 1 0 0 0 0 0 0 0 0 0 0 0 0 
0 0 0 0 0 0 0 0 0 0 0 0 0 0 0 0 0 0 0 0 0 0 0 0 0 0 0 0 -1 0 -1 0 1 0 1 0 0 0 -1 0 1 0 1 0 0 0 -1 0 1 0 0 0 0 0 -1 0 1 0 0 0 0 0 -1 0 0 0 1 0 0 0 -1 0 0 0 1 0 0 0 0 0 0 0 0 0 0 0 0 
0 0 0 0 0 0 0 0 0 0 0 0 0 0 0 0 0 0 0 0 0 0 0 0 0 0 0 0 -1 0 0 0 -1 0 1 0 0 0 0 0 -1 0 1 0 0 0 0 0 0 0 1 0 0 0 0 0 0 0 1 0 0 0 0 0 -1 0 0 0 1 0 0 0 -1 0 0 0 1 0 0 0 0 0 0 0 0 0 0 
0 0 0 0 0 0 0 0 0 0 0 0 0 0 0 0 0 0 0 0 0 0 0 0 0 0 0 0 -1 0 0 0 -1 0 1 0 0 0 0 0 -1 0 1 0 0 0 1 0 -1 0 0 0 0 0 1 0 -1 0 0 0 0 0 0 0 0 0 1 0 0 0 0 0 0 0 1 0 0 0 0 0 0 0 0 0 0 0 0 
0 0 0 0 0 0 0 0 0 0 0 0 0 0 0 0 0 0 0 0 0 0 0 0 0 0 0 0 -1 0 0 0 1 0 -1 0 0 0 0 0 1 0 -1 0 0 0 0 0 0 0 -1 0 1 0 0 0 0 0 -1 0 1 0 0 0 1 0 0 0 0 0 0 0 1 0 0 0 0 0 0 0 0 0 0 0 0 0 0 
0 0 0 0 0 0 0 0 0 0 0 0 0 0 0 0 0 0 0 0 0 0 0 0 0 0 0 0 -1 0 0 0 1 0 -1 0 0 0 0 0 1 0 -1 0 0 0 0 0 1 0 0 0 0 0 0 0 1 0 0 0 0 0 1 0 0 0 -1 0 0 0 1 0 0 0 -1 0 0 0 0 0 0 0 0 0 0 0 0 
0 0 0 0 0 0 0 0 0 0 0 0 0 0 0 0 0 0 0 0 0 0 0 0 0 0 0 0 -1 0 0 0 1 0 1 0 -1 0 0 0 1 0 1 0 -1 0 0 0 0 0 1 0 -1 0 0 0 0 0 1 0 -1 0 0 0 1 0 0 0 -1 0 0 0 1 0 0 0 -1 0 0 0 0 0 0 0 0 0 0 
0 0 0 0 0 0 0 0 0 0 0 0 0 0 0 0 0 0 0 0 0 0 0 0 0 0 0 0 -1 0 1 0 -1 0 0 0 1 0 1 0 -1 0 0 0 1 0 1 0 -1 0 0 0 0 0 1 0 -1 0 0 0 0 0 0 0 -1 0 0 0 1 0 0 0 -1 0 0 0 1 0 0 0 0 0 0 0 0 0 0 
0 0 0 0 0 0 0 0 0 0 0 0 0 0 0 0 0 0 0 0 0 0 0 0 0 0 0 0 -1 0 1 0 0 0 -1 0 1 0 1 0 0 0 -1 0 1 0 0 0 0 0 -1 0 1 0 0 0 0 0 -1 0 1 0 1 0 0 0 -1 0 0 0 1 0 0 0 -1 0 0 0 0 0 0 0 0 0 0 0 0 
0 0 0 0 0 0 0 0 0 0 0 0 0 0 0 0 0 0 0 0 0 0 0 0 0 0 0 0 -1 0 1 0 0 0 0 0 -1 0 1 0 0 0 0 0 -1 0 0 0 0 0 1 0 -1 0 0 0 0 0 1 0 -1 0 1 0 0 0 0 0 0 0 1 0 0 0 0 0 0 0 0 0 0 0 0 0 0 0 0 
0 0 0 0 0 0 0 0 0 0 0 0 0 0 0 0 0 0 0 0 0 0 0 0 0 0 0 0 -1 0 1 0 0 0 0 0 -1 0 1 0 0 0 0 0 -1 0 1 0 0 0 0 0 0 0 1 0 0 0 0 0 0 0 0 0 1 0 0 0 -1 0 0 0 1 0 0 0 -1 0 0 0 0 0 0 0 0 0 0 
0 0 0 0 0 0 0 0 0 0 0 0 0 0 0 0 0 0 0 0 0 0 0 0 0 0 0 0 0 -1 0 -1 0 0 0 0 0 1 0 -1 0 0 0 0 0 1 0 -1 0 1 0 0 0 0 0 -1 0 1 0 0 0 0 0 0 0 0 0 0 0 1 0 0 0 0 0 0 0 1 0 0 0 0 0 0 0 0 0 
0 0 0 0 0 0 0 0 0 0 0 0 0 0 0 0 0 0 0 0 0 0 0 0 0 0 0 0 0 -1 0 -1 0 0 0 0 0 1 0 -1 0 0 0 0 0 1 0 0 0 0 0 0 0 1 0 0 0 0 0 0 0 1 0 -1 0 0 0 1 0 0 0 -1 0 0 0 1 0 0 0 0 0 0 0 0 0 0 0 
0 0 0 0 0 0 0 0 0 0 0 0 0 0 0 0 0 0 0 0 0 0 0 0 0 0 0 0 0 -1 0 -1 0 1 0 1 0 0 0 -1 0 1 0 1 0 0 0 -1 0 1 0 0 0 0 0 -1 0 1 0 0 0 0 0 -1 0 0 0 1 0 0 0 -1 0 0 0 1 0 0 0 0 0 0 0 0 0 0 0 
0 0 0 0 0 0 0 0 0 0 0 0 0 0 0 0 0 0 0 0 0 0 0 0 0 0 0 0 0 -1 0 0 0 -1 0 1 0 0 0 0 0 -1 0 1 0 0 0 0 0 0 0 1 0 0 0 0 0 0 0 1 0 0 0 0 0 -1 0 0 0 1 0 0 0 -1 0 0 0 1 0 0 0 0 0 0 0 0 0 
0 0 0 0 0 0 0 0 0 0 0 0 0 0 0 0 0 0 0 0 0 0 0 0 0 0 0 0 0 -1 0 0 0 -1 0 1 0 0 0 0 0 -1 0 1 0 0 0 1 0 -1 0 0 0 0 0 1 0 -1 0 0 0 0 0 0 0 0 0 1 0 0 0 0 0 0 0 1 0 0 0 0 0 0 0 0 0 0 0 
0 0 0 0 0 0 0 0 0 0 0 0 0 0 0 0 0 0 0 0 0 0 0 0 0 0 0 0 0 -1 0 0 0 1 0 -1 0 0 0 0 0 1 0 -1 0 0 0 0 0 0 0 -1 0 1 0 0 0 0 0 -1 0 1 0 0 0 1 0 0 0 0 0 0 0 1 0 0 0 0 0 0 0 0 0 0 0 0 0 
0 0 0 0 0 0 0 0 0 0 0 0 0 0 0 0 0 0 0 0 0 0 0 0 0 0 0 0 0 -1 0 0 0 1 0 -1 0 0 0 0 0 1 0 -1 0 0 0 0 0 1 0 0 0 0 0 0 0 1 0 0 0 0 0 1 0 0 0 -1 0 0 0 1 0 0 0 -1 0 0 0 0 0 0 0 0 0 0 0 
0 0 0 0 0 0 0 0 0 0 0 0 0 0 0 0 0 0 0 0 0 0 0 0 0 0 0 0 0 -1 0 0 0 1 0 1 0 -1 0 0 0 1 0 1 0 -1 0 0 0 0 0 1 0 -1 0 0 0 0 0 1 0 -1 0 0 0 1 0 0 0 -1 0 0 0 1 0 0 0 -1 0 0 0 0 0 0 0 0 0 
0 0 0 0 0 0 0 0 0 0 0 0 0 0 0 0 0 0 0 0 0 0 0 0 0 0 0 0 0 -1 0 1 0 -1 0 0 0 1 0 1 0 -1 0 0 0 1 0 1 0 -1 0 0 0 0 0 1 0 -1 0 0 0 0 0 0 0 -1 0 0 0 1 0 0 0 -1 0 0 0 1 0 0 0 0 0 0 0 0 0 
0 0 0 0 0 0 0 0 0 0 0 0 0 0 0 0 0 0 0 0 0 0 0 0 0 0 0 0 0 -1 0 1 0 0 0 -1 0 1 0 1 0 0 0 -1 0 1 0 0 0 0 0 -1 0 1 0 0 0 0 0 -1 0 1 0 1 0 0 0 -1 0 0 0 1 0 0 0 -1 0 0 0 0 0 0 0 0 0 0 0 
0 0 0 0 0 0 0 0 0 0 0 0 0 0 0 0 0 0 0 0 0 0 0 0 0 0 0 0 0 -1 0 1 0 0 0 0 0 -1 0 1 0 0 0 0 0 -1 0 0 0 0 0 1 0 -1 0 0 0 0 0 1 0 -1 0 1 0 0 0 0 0 0 0 1 0 0 0 0 0 0 0 0 0 0 0 0 0 0 0 
0 0 0 0 0 0 0 0 0 0 0 0 0 0 0 0 0 0 0 0 0 0 0 0 0 0 0 0 0 -1 0 1 0 0 0 0 0 -1 0 1 0 0 0 0 0 -1 0 1 0 0 0 0 0 0 0 1 0 0 0 0 0 0 0 0 0 1 0 0 0 -1 0 0 0 1 0 0 0 -1 0 0 0 0 0 0 0 0 0 
0 0 0 0 0 0 0 0 0 0 0 0 0 0 0 0 0 0 0 0 0 0 0 0 0 0 0 0 0 0 -1 0 0 0 1 0 -1 0 -1 0 0 0 1 0 -1 0 0 0 0 0 0 0 -1 0 0 0 0 0 0 0 -1 0 -1 0 0 0 0 0 0 0 -1 0 0 0 0 0 0 0 0 0 0 0 0 0 0 0 0 
0 0 0 0 0 0 0 0 0 0 0 0 0 0 0 0 0 0 0 0 0 0 0 0 0 0 0 0 0 0 -1 0 1 0 0 0 -1 0 -1 0 1 0 0 0 -1 0 -1 0 0 0 0 0 0 0 -1 0 0 0 0 0 0 0 0 0 0 0 0 0 -1 0 0 0 0 0 0 0 -1 0 0 0 0 0 0 0 0 0 0 
0 0 0 0 0 0 0 0 0 0 0 0 0 0 0 0 0 0 0 0 0 0 0 0 0 0 0 0 0 0 0 -1 0 0 0 1 0 -1 0 -1 0 0 0 1 0 -1 0 0 0 0 0 0 0 -1 0 0 0 0 0 0 0 -1 0 -1 0 0 0 0 0 0 0 -1 0 0 0 0 0 0 0 0 0 0 0 0 0 0 0 
0 0 0 0 0 0 0 0 0 0 0 0 0 0 0 0 0 0 0 0 0 0 0 0 0 0 0 0 0 0 0 -1 0 1 0 0 0 -1 0 -1 0 1 0 0 0 -1 0 -1 0 0 0 0 0 0 0 -1 0 0 0 0 0 0 0 0 0 0 0 0 0 -1 0 0 0 0 0 0 0 -1 0 0 0 0 0 0 0 0 0 
0 0 0 0 0 0 0 0 0 0 0 0 0 0 0 0 0 0 0 0 0 0 0 0 0 0 0 0 0 0 0 0 -1 0 -1 0 1 0 0 0 -1 0 -1 0 1 0 0 0 0 0 -1 0 0 0 0 0 0 0 -1 0 0 0 0 0 -1 0 0 0 0 0 0 0 -1 0 0 0 0 0 0 0 0 0 0 0 0 0 0 
0 0 0 0 0 0 0 0 0 0 0 0 0 0 0 0 0 0 0 0 0 0 0 0 0 0 0 0 0 0 0 0 0 -1 0 -1 0 1 0 0 0 -1 0 -1 0 1 0 0 0 0 0 -1 0 0 0 0 0 0 0 -1 0 0 0 0 0 -1 0 0 0 0 0 0 0 -1 0 0 0 0 0 0 0 0 0 0 0 0 0 
0 0 0 0 0 0 0 0 0 0 0 0 0 0 0 0 0 0 0 0 0 0 0 0 0 0 0 0 0 0 0 1 0 -1 0 -1 0 0 0 1 0 -1 0 -1 0 0 0 0 0 -1 0 0 0 0 0 0 0 -1 0 0 0 0 0 0 0 0 0 -1 0 0 0 0 0 0 0 -1 0 0 0 0 0 0 0 0 0 0 0 
0 0 0 0 0 0 0 0 0 0 0 0 0 0 0 0 0 0 0 0 0 0 0 0 0 0 0 0 0 0 1 0 -1 0 -1 0 0 0 1 0 -1 0 -1 0 0 0 0 0 -1 0 0 0 0 0 0 0 -1 0 0 0 0 0 0 0 0 0 -1 0 0 0 0 0 0 0 -1 0 0 0 0 0 0 0 0 0 0 0 0 
0 1 -1 0 0 1 -1 0 0 0 -1 1 0 0 -1 1 0 1 0 0 0 1 0 0 0 0 0 0 0 1 0 0 0 -1 0 1 0 0 0 0 0 -1 0 1 0 0 0 0 0 0 0 1 0 -1 0 0 0 0 0 1 0 -1 0 0 0 -1 0 0 0 0 0 0 0 -1 0 0 0 0 0 0 0 0 0 0 0 0 -1 
0 1 -1 0 0 1 -1 0 0 0 -1 1 0 0 -1 1 0 1 0 0 0 1 0 0 0 0 0 0 1 0 0 0 -1 0 1 0 0 0 0 0 -1 0 1 0 0 0 0 0 0 0 1 0 -1 0 0 0 0 0 1 0 -1 0 0 0 -1 0 0 0 0 0 0 0 -1 0 0 0 0 0 0 0 0 0 0 0 0 0 -1 
0 1 -1 0 0 1 -1 0 0 1 0 0 0 1 0 0 1 0 -1 0 1 0 -1 0 0 0 0 0 0 1 0 0 0 -1 0 1 0 0 0 0 0 -1 0 1 0 0 0 0 0 -1 0 0 0 0 0 0 0 -1 0 0 0 0 0 -1 0 0 0 1 0 0 0 -1 0 0 0 1 0 0 0 0 0 0 0 0 0 0 -1 
0 1 -1 0 0 1 -1 0 0 1 0 0 0 1 0 0 1 0 -1 0 1 0 -1 0 0 0 0 0 1 0 0 0 -1 0 1 0 0 0 0 0 -1 0 1 0 0 0 0 0 -1 0 0 0 0 0 0 0 -1 0 0 0 0 0 -1 0 0 0 1 0 0 0 -1 0 0 0 1 0 0 0 0 0 0 0 0 0 0 0 -1 
0 1 1 -1 0 1 1 -1 0 0 1 -1 0 0 1 -1 0 1 0 -1 0 1 0 -1 0 0 0 0 0 1 0 0 0 -1 0 -1 0 1 0 0 0 -1 0 -1 0 1 0 0 0 0 0 -1 0 1 0 0 0 0 0 -1 0 1 0 0 0 -1 0 0 0 1 0 0 0 -1 0 0 0 1 0 0 0 0 0 0 0 0 -1 
0 1 1 -1 0 1 1 -1 0 0 1 -1 0 0 1 -1 0 1 0 -1 0 1 0 -1 0 0 0 0 1 0 0 0 -1 0 -1 0 1 0 0 0 -1 0 -1 0 1 0 0 0 0 0 -1 0 1 0 0 0 0 0 -1 0 1 0 0 0 -1 0 0 0 1 0 0 0 -1 0 0 0 1 0 0 0 0 0 0 0 0 0 -1 
1 -1 -1 0 1 -1 -1 0 0 -1 0 0 0 -1 0 0 0 0 -1 0 0 0 -1 0 0 0 0 0 0 0 -1 0 1 0 1 0 0 0 -1 0 1 0 1 0 0 0 0 0 1 0 0 0 0 0 0 0 1 0 0 0 0 0 0 0 0 0 1 0 0 0 0 0 0 0 1 0 0 0 0 0 0 0 0 0 0 0 0 
1 -1 -1 0 1 -1 -1 0 0 -1 0 0 0 -1 0 0 0 0 -1 0 0 0 -1 0 0 0 0 0 0 0 0 -1 0 1 0 1 0 0 0 -1 0 1 0 1 0 0 0 0 0 1 0 0 0 0 0 0 0 1 0 0 0 0 0 0 0 0 0 1 0 0 0 0 0 0 0 1 0 0 0 0 0 0 0 0 0 0 0 
1 -1 0 1 1 -1 0 1 1 -1 0 0 1 -1 0 0 0 -1 0 1 0 -1 0 1 0 0 0 0 0 1 0 -1 0 1 0 0 0 -1 0 -1 0 1 0 0 0 -1 0 -1 0 1 0 0 0 0 0 -1 0 1 0 0 0 0 0 0 0 1 0 0 0 -1 0 0 0 1 0 0 0 -1 0 0 0 0 0 0 0 0 -1 
1 -1 0 1 1 -1 0 1 1 -1 0 0 1 -1 0 0 0 -1 0 1 0 -1 0 1 0 0 0 0 1 0 -1 0 1 0 0 0 -1 0 -1 0 1 0 0 0 -1 0 -1 0 1 0 0 0 0 0 -1 0 1 0 0 0 0 0 0 0 1 0 0 0 -1 0 0 0 1 0 0 0 -1 0 0 0 0 0 0 0 0 0 -1 
1 0 -1 1 1 0 -1 1 0 0 -1 1 0 0 -1 1 1 0 -1 0 1 0 -1 0 0 0 0 0 0 1 0 -1 0 0 0 1 0 -1 0 -1 0 0 0 1 0 -1 0 0 0 0 0 1 0 -1 0 0 0 0 0 1 0 -1 0 -1 0 0 0 1 0 0 0 -1 0 0 0 1 0 0 0 0 0 0 0 0 0 0 -1 
1 0 -1 1 1 0 -1 1 0 0 -1 1 0 0 -1 1 1 0 -1 0 1 0 -1 0 0 0 0 0 1 0 -1 0 0 0 1 0 -1 0 -1 0 0 0 1 0 -1 0 0 0 0 0 1 0 -1 0 0 0 0 0 1 0 -1 0 -1 0 0 0 1 0 0 0 -1 0 0 0 1 0 0 0 0 0 0 0 0 0 0 0 -1 
1 0 0 -1 1 0 0 -1 0 0 1 -1 0 0 1 -1 1 0 0 0 1 0 0 0 0 0 0 0 0 1 0 -1 0 0 0 0 0 1 0 -1 0 0 0 0 0 1 0 0 0 0 0 -1 0 1 0 0 0 0 0 -1 0 1 0 -1 0 0 0 0 0 0 0 -1 0 0 0 0 0 0 0 0 0 0 0 0 0 0 -1 
1 0 0 -1 1 0 0 -1 0 0 1 -1 0 0 1 -1 1 0 0 0 1 0 0 0 0 0 0 0 1 0 -1 0 0 0 0 0 1 0 -1 0 0 0 0 0 1 0 0 0 0 0 -1 0 1 0 0 0 0 0 -1 0 1 0 -1 0 0 0 0 0 0 0 -1 0 0 0 0 0 0 0 0 0 0 0 0 0 0 0 -1 
1 0 0 -1 1 0 0 -1 1 0 0 0 1 0 0 0 0 1 0 -1 0 1 0 -1 0 0 0 0 0 1 0 -1 0 0 0 0 0 1 0 -1 0 0 0 0 0 1 0 -1 0 0 0 0 0 0 0 -1 0 0 0 0 0 0 0 0 0 -1 0 0 0 1 0 0 0 -1 0 0 0 1 0 0 0 0 0 0 0 0 -1 
1 0 0 -1 1 0 0 -1 1 0 0 0 1 0 0 0 0 1 0 -1 0 1 0 -1 0 0 0 0 1 0 -1 0 0 0 0 0 1 0 -1 0 0 0 0 0 1 0 -1 0 0 0 0 0 0 0 -1 0 0 0 0 0 0 0 0 0 -1 0 0 0 1 0 0 0 -1 0 0 0 1 0 0 0 0 0 0 0 0 0 -1 
