

--- NEW RUN, 2022-03-18 16:44:48.974563 ---


--- NEW RUN, 2022-03-18 16:45:12.766739 ---
+0 1 1 -1 0 1 1 -1 0 0 1 -1 0 0 1 -1 0 1 0 -1 0 1 0 -1 0 0 0 0 1 0 0 0 -1 0 -1 0 1 0 0 0 -1 0 -1 0 1 0 0 0 0 0 -1 0 1 0 0 0 0 0 -1 0 1 0 0 0 -1 0 0 0 1 0 0 0 -1 0 0 0 1 0 0 0 0 0 0 0 0 0 -1
+0 1 1 -1 0 1 1 -1 0 0 1 -1 0 0 1 -1 0 1 0 -1 0 1 0 -1 0 0 0 0 0 1 0 0 0 -1 0 -1 0 1 0 0 0 -1 0 -1 0 1 0 0 0 0 0 -1 0 1 0 0 0 0 0 -1 0 1 0 0 0 -1 0 0 0 1 0 0 0 -1 0 0 0 1 0 0 0 0 0 0 0 0 -1
+0 0 0 0 0 0 0 0 0 0 0 0 0 0 0 0 0 0 0 0 0 0 0 0 0 0 0 0 0 -1 0 0 0 1 0 1 0 -1 0 0 0 1 0 1 0 -1 0 0 0 0 0 1 0 -1 0 0 0 0 0 1 0 -1 0 0 0 1 0 0 0 -1 0 0 0 1 0 0 0 -1 0 0 0 0 0 0 0 0 0
+0 0 0 0 0 0 0 0 0 0 0 0 0 0 0 0 0 0 0 0 0 0 0 0 0 0 0 0 -1 0 0 0 1 0 1 0 -1 0 0 0 1 0 1 0 -1 0 0 0 0 0 1 0 -1 0 0 0 0 0 1 0 -1 0 0 0 1 0 0 0 -1 0 0 0 1 0 0 0 -1 0 0 0 0 0 0 0 0 0 0
+1 0 0 -1 1 0 0 -1 0 0 1 -1 0 0 1 -1 0 1 0 -1 0 1 0 -1 0 0 0 0 1 0 -1 0 0 0 0 0 1 0 -1 0 0 0 0 0 1 0 0 0 0 0 -1 0 1 0 0 0 0 0 -1 0 1 0 0 0 -1 0 0 0 1 0 0 0 -1 0 0 0 1 0 0 0 0 0 0 0 0 0 -1
+1 0 0 -1 1 0 0 -1 0 0 1 -1 0 0 1 -1 0 1 0 -1 0 1 0 -1 0 0 0 0 0 1 0 -1 0 0 0 0 0 1 0 -1 0 0 0 0 0 1 0 0 0 0 0 -1 0 1 0 0 0 0 0 -1 0 1 0 0 0 -1 0 0 0 1 0 0 0 -1 0 0 0 1 0 0 0 0 0 0 0 0 -1
+0 0 0 0 0 0 0 0 0 0 0 0 0 0 0 0 0 0 0 0 0 0 0 0 0 0 0 0 0 -1 0 1 0 0 0 0 0 -1 0 1 0 0 0 0 0 -1 0 0 0 0 0 1 0 -1 0 0 0 0 0 1 0 -1 0 0 0 1 0 0 0 -1 0 0 0 1 0 0 0 -1 0 0 0 0 0 0 0 0 0
+0 0 0 0 0 0 0 0 0 0 0 0 0 0 0 0 0 0 0 0 0 0 0 0 0 0 0 0 -1 0 1 0 0 0 0 0 -1 0 1 0 0 0 0 0 -1 0 0 0 0 0 1 0 -1 0 0 0 0 0 1 0 -1 0 0 0 1 0 0 0 -1 0 0 0 1 0 0 0 -1 0 0 0 0 0 0 0 0 0 0
