16 6 6 16 0 2 2 0 0 6 6 0 0 2 2 0 0 6 6 0 0 2 2 0 16 6 6 16 16 16 16 8 5 5 5 5 8 16 0 0 1 1 1 1 0 0 0 0 5 1 1 5 0 0 0 0 1 1 1 1 0 0 0 0 1 5 5 1 0 0 0 0 1 1 1 1 0 0 0 8 1 1 1 1 8 0 32
1024 512 512 1024 1024 512 512 1024 0 512 512 0 0 512 512 0 0 512 512 0 0 512 512 0 1024 512 512 1024 2048 2048 874 150 437 75 437 437 874 874 874 150 437 75 437 437 874 874 0 0 437 75 437 437 0 0 0 0 437 75 437 437 0 0 0 0 75 437 75 75 0 0 0 0 75 437 75 75 0 0 150 874 75 437 75 75 150 150 4096
1748 874 874 1748 300 150 150 300 0 874 874 0 0 150 150 0 0 874 874 0 0 150 150 0 1748 874 874 1748 2048 2048 1748 874 874 437 437 874 874 1748 300 150 150 75 75 150 150 300 0 0 874 437 437 874 0 0 0 0 150 75 75 150 0 0 0 0 0 437 437 0 0 0 0 0 0 75 75 0 0 0 0 874 0 437 437 0 874 0 4096
512 512 88 512 2984 2984 512 2984 88 88 512 88 512 512 2984 512 88 88 512 88 512 512 2984 512 512 512 88 512 4096 4096 437 437 437 437 13 75 75 437 2547 2547 2547 2547 75 437 437 2547 75 75 75 75 75 437 13 75 437 437 437 437 437 2547 75 437 13 13 13 13 437 75 75 13 75 75 75 75 2547 437 437 75 75 75 75 75 75 13 437 75 8192
2048 1748 300 2048 2048 1748 300 2048 0 1024 1024 0 0 1024 1024 0 0 1024 1024 0 0 1024 1024 0 2048 300 1748 2048 4096 4096 2048 1024 1311 1311 225 225 1024 2048 1024 0 437 437 75 75 0 1024 0 0 587 75 437 949 0 0 0 0 949 437 75 587 0 0 0 0 75 587 949 437 0 0 0 0 437 949 587 75 0 0 0 1024 75 75 437 437 1024 0 8192
3496 1898 874 2048 600 1174 150 2048 0 1898 1174 0 0 1174 1898 0 0 150 874 0 0 874 150 0 600 150 1174 2048 4096 4096 3496 1748 1748 1311 874 437 1748 1748 600 300 300 225 150 75 300 300 0 0 1748 587 874 949 0 0 0 0 300 949 150 587 0 0 0 0 0 75 874 437 0 0 0 0 0 437 150 75 0 0 0 300 0 75 874 225 1748 300 8192
12434 11982 2557 9891 1053 307 697 183 1480 1421 5961 573 297 377 982 305 76 82 3810 289 477 204 1397 140 185 95 668 3774 15040 8319 12419 6449 11920 7058 2533 1273 9882 5425 304 326 218 181 517 167 126 67 1444 967 1395 792 5827 3926 552 345 253 155 239 160 774 200 232 67 61 8 77 24 3785 1966 281 190 381 53 200 81 766 76 135 61 170 133 19 21 645 430 3753 1778 16384
3303 3091 1740 1703 2262 1588 2389 1785 18 70 72 38 59 239 589 311 9 32 176 83 21 62 186 70 2822 2836 4125 4385 16139 12902 3250 2053 3036 1902 1698 1034 1657 997 2242 1848 1576 1287 2372 1936 1775 1436 17 11 69 44 67 41 36 22 58 50 235 202 579 497 306 262 9 6 32 23 175 121 82 57 21 17 62 48 185 146 70 55 2820 2162 2833 2172 4124 2999 4384 3192 16384
7967 7716 4763 4952 2222 1863 2552 2277 80 16 197 154 102 20 554 399 182 27 1491 790 200 32 968 564 5347 6154 5513 6785 14697 13090 7950 6191 7706 5949 4746 3279 4927 3353 2016 992 1611 702 2483 1500 2178 1238 76 72 16 15 187 159 149 127 95 94 19 18 526 499 385 350 152 155 21 22 1322 1340 686 705 183 128 29 21 845 567 490 341 3999 5346 4808 6140 4335 5493 5515 6729 16384
10592 7513 11755 8835 1937 1923 2149 2192 194 867 113 620 801 1528 507 1232 1261 2546 696 1742 214 314 118 222 25 307 23 379 16014 16036 10554 10586 7486 7506 11711 11750 8805 8829 1782 1736 1810 1772 2004 1956 2082 2040 191 191 858 860 112 111 613 614 784 773 1486 1463 500 493 1208 1192 1239 1251 2502 2526 684 690 1711 1727 201 204 289 294 108 110 198 202 23 24 298 302 21 22 371 375 16384
10603 7724 8076 3237 1423 1405 1963 1345 80 1411 78 1915 47 720 83 1072 52 1863 153 5491 85 1036 127 1243 3650 585 5629 900 10755 11868 7999 7612 6282 4998 6357 5502 2709 1945 43 982 593 1160 49 1627 679 1096 75 37 1138 869 76 28 1594 1126 44 22 589 214 80 34 801 133 20 50 937 1700 77 139 3236 4726 34 82 638 860 57 119 750 1057 2261 3060 351 463 4014 4273 621 652 16384
5524 5558 7208 7592 1078 959 1331 1171 325 422 43 126 503 809 55 198 584 1056 47 191 403 599 39 132 4821 3869 4493 3744 12906 11836 5453 4992 5521 4889 7050 6697 7500 6891 619 239 592 270 1135 635 1020 597 232 106 269 111 32 17 87 44 435 250 687 388 51 36 184 129 496 576 931 1035 39 45 165 183 266 379 387 551 22 34 73 112 4639 3331 3636 2531 4376 3157 3584 2497 16384
2419 10794 355 11623 361 2179 123 2231 6203 494 9917 12 1767 167 1819 4 913 440 2767 15 739 832 559 25 1481 1246 271 2062 12888 13120 2276 1923 9682 9240 288 330 9332 10883 339 286 1529 2119 103 110 1856 2046 5544 5321 469 383 7882 9334 10 12 1294 1675 152 135 1458 1705 3 4 401 62 203 332 2410 621 12 8 330 648 696 698 98 402 20 22 497 1193 144 161 167 145 1351 105 16384
5581 8311 5401 8262 4258 5051 4179 5044 520 3 563 5 1919 18 2047 37 1083 9 1178 18 598 6 633 13 447 882 423 892 13171 12676 5392 4939 8152 7564 5222 4789 8112 7537 4044 4225 4779 5027 3947 4140 4738 5008 516 518 2 2 557 561 5 5 1892 1915 18 18 2012 2045 37 37 831 681 7 6 906 741 16 14 75 75 1 1 79 74 3 2 196 256 148 57 180 235 165 67 16384
4248 8242 2602 7558 2624 4063 1697 3354 1659 1 2045 94 3424 1 3911 226 2216 0 3452 96 1060 0 1547 78 126 1877 150 2367 7967 11724 3092 4056 4370 7032 1968 2506 4225 6599 783 1638 1228 2666 665 1213 1241 2422 316 844 0 0 407 1074 66 71 1570 2724 1 1 2089 3336 116 185 1609 2081 0 0 2358 3207 47 74 569 331 0 0 472 222 11 23 3 6 1615 1876 5 20 1925 2339 16384
4427 7224 5822 1365 3009 3388 494 238 1512 400 0 1654 1976 956 0 713 1462 950 0 6649 1167 274 0 3640 2062 989 5023 358 14799 9457 4301 3730 7209 5013 5546 5203 1361 1028 2385 860 2726 976 248 27 212 112 1455 822 347 347 0 0 1419 1600 1726 737 818 345 0 0 530 175 1264 1393 945 703 0 0 6626 4555 1081 579 220 94 0 0 2857 975 1992 1137 471 908 4803 2627 211 276 16384
10663 13009 10169 12747 683 221 731 245 619 0 694 4 343 0 372 3 792 0 953 5 463 0 518 5 772 2324 834 2467 9755 9885 6356 6591 8290 7504 6063 6282 8132 7344 235 496 1 215 254 537 4 240 487 251 0 0 549 276 3 2 236 171 0 0 255 187 2 2 387 570 0 0 470 682 3 3 211 346 0 0 237 386 3 4 172 699 652 2063 209 742 726 2166 16384
14601 324 13248 27 770 521 536 48 13 12780 54 13300 27 981 98 475 24 731 133 1467 15 265 71 968 179 433 458 54 14601 7004 13001 6608 280 146 11775 6027 24 12 749 49 495 163 492 36 45 16 12 4 11555 5493 51 16 12019 5731 26 9 949 196 92 33 455 31 20 13 402 599 113 69 1007 1032 12 8 245 21 61 35 966 136 28 179 371 218 249 376 47 26 16384
4100 4506 8621 8884 1539 1616 2038 2048 5184 4790 270 198 604 623 137 104 1291 1234 170 133 2594 2516 333 253 331 347 4460 4437 11569 9531 3232 2528 3555 2776 7605 6259 7811 6412 1195 1219 1265 1292 1591 1851 1641 1893 2696 1676 2455 1517 161 109 118 80 283 206 295 220 59 37 44 27 1262 1277 1211 1217 110 95 87 75 2589 2467 2510 2376 312 289 237 219 48 21 40 17 1679 876 1605 818 16384
8368 6352 11879 1777 1532 1376 1506 995 927 1691 9 6256 862 1125 15 2622 1252 712 12 3018 301 772 5 525 1599 4007 2857 877 13418 13297 8207 7869 5748 6099 11598 11050 1639 1721 1046 1159 1341 1355 1146 1279 965 970 553 636 1371 1242 5 6 5335 4805 775 784 864 908 14 14 1996 2179 1137 1043 548 601 11 10 2355 2612 273 251 737 738 4 4 485 484 70 122 2634 2193 609 893 425 331 16384
9451 7726 6616 4563 1051 999 484 426 390 957 1182 1936 289 635 568 789 1050 2528 3419 5471 109 217 489 676 2898 2262 2173 1429 8255 7560 4987 4265 4930 4352 3534 3029 2953 2613 366 292 325 257 209 173 181 150 205 234 196 256 601 689 378 500 138 118 317 272 347 308 504 450 557 477 1622 1434 1790 1530 3461 3052 26 20 49 39 112 83 126 92 1934 2136 746 912 1483 1630 485 589 16384
6507 4911 1217 541 3817 3891 1046 654 719 1707 6169 7945 699 1317 2012 1924 109 185 2805 2961 90 151 944 1090 4071 3753 905 556 11219 7772 3568 4480 2324 3710 796 709 321 343 2298 2432 2506 2312 800 481 497 300 606 215 1472 508 5956 992 7624 1434 387 445 681 882 908 1474 753 1524 46 80 37 158 1091 2313 823 2680 68 27 111 46 214 880 333 966 3907 8 3675 41 625 223 425 127 16384
878 5479 2033 7732 476 701 805 590 4015 1093 3855 804 1549 1577 1835 1103 8407 2424 6155 1192 349 690 618 501 368 3674 587 3994 13844 6118 796 379 4660 3148 1895 831 6769 4178 392 197 513 397 655 343 422 363 1922 3649 466 817 2168 3278 460 534 1479 407 1417 499 1720 510 979 360 8359 1217 2396 619 6061 704 1168 278 341 75 609 224 583 163 434 172 283 63 3252 92 382 88 3317 21 16384
10274 4273 10949 4151 695 1928 794 2054 75 1568 30 2180 142 692 52 874 137 230 44 237 90 710 31 827 4040 6465 3729 5531 11661 15551 7435 10035 2800 4234 7874 10711 2705 4114 664 513 1752 1591 755 617 1821 1752 64 66 1275 1465 26 27 1761 2044 119 129 562 647 43 48 700 823 83 137 105 224 26 44 102 230 51 89 336 701 17 31 368 811 3116 3866 4602 6331 2871 3572 3922 5416 16384
2691 6728 6528 6489 3785 7227 5779 5382 956 46 33 58 5694 1317 241 790 2701 631 135 568 147 47 103 271 262 192 1172 17 10547 10501 1225 1216 2895 2873 3080 3059 2794 2773 3038 3028 5973 5955 5078 5066 4748 4737 395 392 36 36 13 13 48 48 4536 4521 1025 1022 200 199 652 650 1100 1092 221 219 51 51 203 201 83 83 31 31 67 66 184 183 30 30 171 170 339 336 14 14 16384
13430 13613 3250 3657 2085 2089 1228 1326 206 93 2780 2496 84 38 1176 1117 33 15 4367 3921 53 24 914 889 354 412 1921 2197 13870 12445 13136 11825 13321 11993 2930 2517 3318 2856 263 83 240 55 495 527 491 529 183 150 83 68 2119 1585 1874 1391 74 61 34 28 898 672 882 674 21 27 9 12 4310 4224 3865 3784 40 47 18 22 494 536 510 550 120 191 152 236 1889 1714 2166 1974 16384
718 7789 5501 12249 489 787 1392 170 3479 389 2777 0 656 864 875 0 8814 968 2938 0 1935 547 2405 0 131 4488 90 2698 14124 13907 612 637 7099 6421 4770 4808 11237 9998 406 441 743 601 1131 1258 166 117 3364 2511 312 338 2655 2043 0 0 347 630 662 809 667 770 0 0 7723 7629 904 765 2531 2580 0 0 1397 1864 507 437 1901 2242 0 0 119 95 3694 4084 74 39 2115 2532 16384
879 1476 11582 12240 431 601 417 383 3640 2875 164 61 1602 1847 201 84 7962 7400 274 120 1419 1515 294 117 214 339 3009 2781 13666 13589 868 870 1459 1465 11197 10944 11907 11660 408 411 568 572 157 153 67 68 2807 2964 2095 2225 135 133 48 47 1571 1560 1805 1794 155 148 65 63 7155 6884 6734 6498 240 239 107 107 663 720 741 793 249 254 98 100 60 56 81 71 1260 1421 929 1073 16384
2 8778 2 8783 2 1524 2 1528 6962 81 6963 81 1729 146 1732 146 4917 387 4916 384 2768 169 2764 168 3 2394 3 2394 15060 13163 2 2 8342 8044 2 2 8347 8048 1 1 1311 1497 1 2 1315 1499 6627 6368 76 76 6628 6368 75 75 1492 1695 130 142 1495 1698 130 141 4791 4317 371 347 4789 4316 369 345 2143 775 143 65 2139 773 142 65 3 3 2344 2072 3 3 2345 2072 16384
1267 1542 13445 12886 625 700 1206 1263 1248 1085 532 784 864 896 257 361 8685 7960 148 220 1205 1232 184 258 1711 2093 296 234 8455 11474 508 1030 614 1259 6533 10159 6255 9738 131 548 141 611 937 184 951 250 732 828 662 696 350 316 514 467 642 431 631 487 163 158 231 221 4158 6599 3813 6042 39 134 57 199 661 548 659 601 27 178 35 250 1143 996 1386 1232 143 224 125 166 16384
8637 5518 6940 6959 4391 3996 3509 4255 228 1777 354 1 351 1874 734 2 81 408 316 1 94 537 282 1 727 764 2041 3183 11739 9135 6683 4638 4217 2902 6244 4891 6246 4879 3551 2546 3239 2326 3453 3042 4197 3699 183 131 1438 1032 337 280 1 1 276 194 1468 1028 700 584 2 1 49 51 282 313 115 54 0 0 31 43 105 189 56 22 0 0 37 149 74 109 673 255 1245 536 16384
9143 13564 12337 10915 1563 1252 751 812 824 6 59 266 1362 15 119 430 2005 19 214 942 596 4 105 224 848 1057 2020 755 12339 14352 7706 7927 10304 12620 10505 10608 8396 10092 920 1508 743 1242 347 740 541 787 327 785 5 3 23 53 240 147 1004 1264 11 14 85 111 291 401 1802 1613 15 17 189 176 721 872 472 531 3 4 78 97 151 212 99 692 826 95 491 1868 343 32 16384
420 4427 7670 9817 507 2749 3938 4272 3368 831 771 10 697 1681 276 6 4963 2107 465 9 6325 3274 2199 23 55 931 823 48 13990 15109 393 411 4125 4375 7494 7608 9530 9810 425 479 1876 2301 2739 3345 2249 3056 3220 3361 830 805 748 720 10 9 334 213 1679 1638 164 149 6 6 4847 4941 1952 2046 392 445 7 8 4708 5643 2278 2790 1864 2108 18 21 37 31 888 787 563 696 5 11 16384
5022 5037 970 1036 5664 5408 4615 4678 30 3 212 170 8 1 266 277 35 3 2159 1714 48 4 1528 1175 4867 4955 6121 6597 14759 15874 4735 5009 4751 5024 826 959 884 1026 4738 5577 4551 5334 3902 4558 3979 4627 29 30 3 3 183 210 146 168 5 6 1 1 163 229 178 245 35 33 3 3 2129 2092 1690 1660 40 47 3 4 1278 1504 990 1158 4842 4636 4928 4723 6036 5937 6502 6402 16384
7180 7881 8820 3927 2683 2690 2171 1632 2108 1840 406 3484 1590 1603 387 2288 447 719 148 2527 474 517 218 1018 1026 353 2941 350 14328 11954 6691 5335 6950 5248 7976 6132 3320 2427 2632 2458 2514 2474 2156 1991 1497 1324 1882 1470 1789 1513 349 266 3308 2693 1520 1374 1581 1380 358 298 2220 1868 228 148 550 406 109 96 2251 1785 410 378 171 115 198 185 369 453 891 705 89 62 2774 2260 247 280 16384
30 358 9686 11143 72 1027 1837 3288 1655 1055 507 25 3182 1155 227 8 9482 8275 53 3 1738 2808 209 19 135 1172 79 39 13384 11488 20 23 283 295 9538 9327 11063 10575 53 33 699 396 586 178 1222 374 1555 1642 879 1026 477 487 23 25 1510 598 402 125 146 97 6 5 9455 8846 8240 7588 30 15 2 1 595 173 1336 581 161 99 14 8 126 128 1097 1148 63 63 2 10 16384
4599 6786 7253 7081 3317 3509 3807 2990 1925 351 1204 1315 254 132 160 348 1508 190 457 271 1882 398 1038 1164 1684 3815 1086 2026 15304 13122 4535 4377 6664 6546 7202 6824 6993 6764 2712 1745 3274 2446 3049 1916 2797 2102 1851 1895 339 340 1173 1174 1290 1258 246 249 87 50 155 157 214 119 1477 1208 188 159 435 335 262 208 1629 1108 386 308 909 625 1128 898 1660 1376 3718 2994 1022 774 1898 1426 16384
2331 9122 2387 8593 1997 1144 1913 1046 2795 159 2409 177 1040 585 912 669 249 865 255 1093 1535 403 1462 499 5472 1767 5985 1808 5051 12719 526 1681 3367 7744 541 1723 3196 7312 394 1376 102 549 377 1318 108 514 1154 2445 40 105 1006 2114 44 115 227 690 141 428 209 616 164 492 51 172 338 742 52 176 422 935 300 1055 101 287 286 1004 121 350 2238 4789 702 1531 2424 5223 706 1557 16384
313 7531 69 5616 197 1159 55 1257 8314 1085 8042 1298 633 851 671 1015 5902 2532 7005 3903 645 1001 433 1102 150 942 48 974 6450 12784 184 300 3860 7076 43 66 3031 5322 113 183 425 732 33 51 465 816 4332 7870 722 1073 4469 7732 937 1292 466 254 649 844 421 118 846 994 741 3581 401 1601 1102 4568 678 2590 559 384 381 750 366 184 419 836 23 81 8 321 7 28 43 445 16384
7047 1018 297 4651 2607 484 199 2576 330 6053 4743 615 87 1020 1330 234 236 4354 6735 881 167 2546 2595 437 4564 649 380 5951 9399 14857 3369 7033 495 1014 176 290 2885 4489 1511 2552 460 312 113 196 2482 1610 154 329 2775 6049 2986 4560 370 597 81 20 75 829 1140 143 32 207 141 230 2715 4197 3206 6723 426 878 95 164 2450 1595 1504 2540 415 283 2892 4381 393 630 176 380 2713 5948 16384
7806 11787 8677 11872 925 905 899 882 840 73 229 1 291 59 81 1 1142 293 333 5 255 45 80 1 4891 2884 5765 3110 12209 7246 6431 3841 9492 5516 7200 4336 9605 5611 731 884 615 845 533 794 417 714 587 295 47 22 156 77 1 0 266 264 56 54 70 73 1 1 897 507 223 122 259 145 4 2 135 52 24 10 52 24 1 0 3112 1393 1664 668 3760 1729 1875 790 16384
5595 2233 5982 8639 4522 1958 3767 5768 1112 4416 2620 27 147 295 251 1 575 2297 462 5 933 3907 1698 19 2821 1119 1003 1475 15482 15497 5489 5222 2192 2083 5774 5719 8340 8256 4069 4495 1868 1894 3391 3744 5502 5578 1092 1038 4332 4121 2530 2503 26 25 138 94 78 192 234 157 0 1 545 559 2177 2233 460 412 5 4 841 927 3728 3778 1530 1688 18 18 2676 2740 1061 1087 999 894 1468 1316 16384
8869 8477 9488 9217 501 560 306 371 1735 2001 186 268 617 683 110 153 55 56 26 35 199 209 33 45 1415 1408 3925 3939 14086 15561 7209 8434 6872 8051 7883 9115 7636 8843 449 467 502 522 290 262 353 323 1533 1701 1770 1964 166 183 240 264 568 586 629 648 104 107 145 149 28 36 27 35 15 20 20 27 112 152 111 155 20 27 26 36 1202 1364 1194 1355 3335 3806 3341 3817 16384
9776 10642 1263 1784 2389 2629 1280 1734 954 493 2751 2232 221 112 776 633 189 96 5875 5063 648 372 2444 2398 638 746 1299 1768 6891 13640 3746 8867 4164 9601 620 1053 888 1478 731 2266 952 2417 405 1206 616 1599 421 825 212 429 1799 1908 1464 1539 175 65 81 34 697 44 478 56 27 185 16 93 1629 5649 1447 4850 223 602 142 337 857 2261 954 2152 53 423 36 531 277 1262 355 1728 16384
6136 6795 5473 6158 712 650 749 706 586 481 673 569 641 516 673 570 3324 2221 3953 2738 885 731 963 833 3148 4185 2914 3942 7321 13323 4000 5046 4694 5367 3612 4466 4308 4816 487 565 492 466 500 608 518 529 146 227 58 281 163 249 65 323 120 567 106 468 120 595 114 517 1768 2973 1274 1916 2090 3548 1559 2374 397 654 326 547 426 700 366 615 30 2459 65 3561 36 2293 72 3373 16384
3552 10280 3130 9958 2500 4592 2192 4369 1772 12 1944 17 3215 376 3403 532 3838 527 4229 766 185 29 250 50 1037 123 914 126 16067 15443 3516 3511 10268 9978 3098 3095 9946 9669 2499 2370 4590 4356 2191 2086 4368 4162 1747 1590 5 6 1917 1746 7 8 3215 3070 376 359 3402 3262 531 509 3804 3789 526 512 4192 4173 765 743 71 44 18 13 124 80 35 26 1022 931 46 71 901 820 51 76 16384
5753 4340 1253 608 4405 3965 653 404 738 1433 2730 3813 1456 2214 2361 2499 897 1246 4928 5070 105 134 2485 2763 2148 2223 681 473 4310 5274 978 1498 527 877 252 370 87 139 47 190 61 212 15 37 8 24 582 627 1055 1168 2278 2470 2942 3264 41 88 55 118 47 37 55 26 205 294 200 311 919 1378 667 1088 12 20 12 21 45 141 57 175 2123 2142 2105 2187 624 624 419 435 16384
5076 12150 5573 11019 2322 1442 2374 1463 2076 153 1439 207 987 888 761 1223 627 1363 441 1962 179 242 160 300 4470 55 5160 72 13538 12873 4297 4091 9999 9481 4736 4512 9087 8618 2119 2044 1348 1309 2193 2120 1365 1326 1689 1599 138 133 1172 1110 189 182 880 846 790 758 681 655 1097 1054 528 503 1062 999 367 349 1526 1436 100 92 196 188 94 87 239 229 3319 3104 4 3 3850 3602 16 13 16384
1624 2654 603 2356 1384 6413 560 5335 1344 415 1202 44 6096 488 5664 58 4570 47 6479 11 635 181 1337 38 181 5619 124 7204 10081 15388 1026 1527 1994 2293 381 566 1796 2019 788 1337 3313 6306 316 542 2630 5276 1008 1145 253 394 937 1002 27 42 3231 5970 282 471 2880 5581 33 56 3099 4186 32 37 4339 5967 7 9 442 574 130 161 878 1241 25 35 87 166 3662 5231 66 113 4648 6731 16384
325 10057 5761 2790 202 4081 1045 1439 6621 33 5 898 2440 47 4 325 4678 488 3 6764 1328 345 3 3847 376 950 6352 99 7194 12729 64 312 4093 8277 1569 5286 1311 2154 43 192 2342 2771 87 1043 674 1113 3313 4940 4 27 3 3 66 877 1832 1202 2 43 2 3 249 72 1346 4245 234 373 1 3 2750 5566 125 1319 161 267 0 2 2131 2679 224 248 56 945 3146 4769 9 75 16384
4354 4221 6462 1399 2708 4580 3600 1765 329 10 131 2972 2385 17 548 3082 2150 8 534 2050 1283 11 363 2291 584 3827 407 1012 12277 8771 4351 2436 3990 3258 6353 4367 1191 1245 2538 830 4188 1210 2492 3519 1354 1672 85 63 9 2 66 21 2825 1042 2235 734 16 6 410 520 2104 3000 2078 1486 7 7 526 291 1950 1492 208 1007 3 10 179 12 909 31 342 49 3744 1546 83 30 910 259 16384
12568 6032 6721 10888 533 1209 1490 1788 67 2031 1414 4 133 1034 2601 5 165 1789 2718 3 128 493 941 1 1044 729 148 2540 14334 13873 11715 11348 5961 5877 6119 5899 10601 10386 528 525 1117 1083 1346 1296 1316 1229 56 56 1667 1584 1331 1328 3 3 122 119 965 947 2121 2015 5 4 148 143 1709 1672 2573 2505 3 3 104 99 336 324 689 649 1 1 1019 1030 497 460 48 55 2103 1996 16384
8198 6341 6016 8219 5213 2990 3567 2966 70 1093 2132 602 14 483 660 393 26 414 433 94 89 809 2475 487 1177 782 529 979 11814 13377 7419 7937 5797 6171 5100 5595 6995 7666 2445 3140 1383 1779 1817 2285 1393 1787 66 69 1019 1073 1915 2055 537 577 9 10 263 323 451 526 244 292 18 21 278 327 401 408 85 84 51 62 458 562 1343 1665 270 332 846 977 575 659 522 504 971 969 16384
6331 9260 7715 10090 1626 1561 1635 1463 2794 1030 1491 341 1364 688 841 250 765 359 468 144 933 426 646 170 1845 2254 2841 3044 11519 11204 4894 4667 7292 6968 5506 5210 7387 7008 1195 1134 1071 1010 981 915 747 687 2259 2166 814 779 1094 1039 240 228 951 901 498 473 530 497 164 154 187 198 135 140 245 257 92 95 720 740 313 320 553 563 139 141 1175 1246 1243 1335 2327 2414 2306 2412 16384
7473 7176 8941 8847 6313 6180 6823 6805 283 361 36 70 141 160 14 25 354 457 32 62 1254 1589 142 279 451 381 133 116 13042 13251 5186 7126 4961 6845 6090 8601 6004 8516 6155 3994 5997 3983 6723 4150 6684 4207 120 281 158 358 14 36 28 69 42 134 40 143 4 13 7 22 293 293 375 382 29 24 56 48 1163 936 1470 1192 131 108 257 214 71 393 40 310 2 82 1 49 16384
5712 5422 1069 1864 5232 5780 1578 2905 62 283 3213 2405 42 112 1219 470 63 313 3598 2890 134 716 4507 4315 3299 2916 596 979 12509 8168 4625 2076 4386 1966 902 1035 1613 1800 4705 2566 5152 2759 1333 666 2412 1158 49 21 222 95 2712 3188 1964 2396 34 15 86 35 732 218 226 68 32 53 172 273 1983 464 1592 376 116 61 608 308 4144 2379 3914 2184 1903 3118 1537 2681 245 31 403 49 16384
8995 5765 11171 10494 361 811 1125 1215 46 837 77 366 85 1050 113 580 127 3061 76 650 103 893 83 273 4392 1079 2900 724 8255 12454 5046 7388 2756 4340 6161 9093 5025 7913 271 340 508 675 717 986 878 1116 21 31 658 784 33 52 250 321 44 65 537 807 64 91 313 461 65 99 1321 2179 39 59 264 448 51 79 428 671 40 62 114 191 1135 2351 260 515 545 1306 48 161 16384
6 5403 832 5448 5 239 5590 5164 7375 247 1503 329 305 92 1442 1843 1080 1481 123 1655 7443 1643 194 296 80 1089 5770 930 10282 9334 6 4 4088 790 784 685 4481 1156 4 4 116 218 3341 5586 2663 5087 4942 629 79 2 1046 171 62 43 113 285 72 85 811 1419 1179 1838 1009 912 1162 275 120 88 1181 191 4104 7405 860 1610 70 180 165 276 51 7 98 166 3480 294 190 38 16384
8778 2827 5478 8142 1271 736 1074 800 778 5647 4455 2415 334 1572 943 838 162 2468 564 390 407 1676 1561 1062 2646 296 449 500 8563 8086 5360 4973 971 853 3710 3480 3501 3142 604 644 206 179 665 657 267 252 245 214 3599 3359 1742 1552 1649 1553 78 69 528 557 366 352 474 468 158 156 1671 1572 302 289 192 184 397 391 141 121 1522 1520 144 117 1620 1505 288 287 214 206 275 263 16384
4685 5979 5492 4778 1941 956 2214 920 3979 2664 2974 3403 544 1125 485 1368 283 467 356 875 3845 620 3229 756 634 216 1118 335 13673 12425 3578 4238 4545 5446 4219 4958 3611 4356 1860 992 711 239 2137 1077 722 274 2925 3682 1979 2440 2167 2757 2545 3111 331 227 1058 652 324 213 1297 756 230 175 421 348 264 263 765 693 3733 2477 611 257 3123 2108 735 295 567 486 155 133 969 906 217 260 16384
4976 4519 5444 3087 6322 1952 7499 1550 1547 1798 670 2642 71 1767 39 2765 134 223 133 656 2609 928 1258 1422 489 281 1094 466 12342 9065 4780 1465 4388 1218 5306 1410 3040 705 3917 4697 1525 1124 4615 5600 1214 888 1511 391 1736 505 662 142 2584 652 70 8 996 1397 39 4 1537 2203 27 129 63 214 68 111 359 528 1676 1885 757 494 813 905 1159 758 129 476 41 279 599 880 235 390 16384
8687 14500 5523 12052 733 155 752 316 1250 10 2579 205 631 15 758 226 1001 24 2684 621 323 13 524 266 969 53 684 130 15824 16195 8547 8684 14170 14481 5430 5519 11768 12032 704 689 73 58 723 721 224 228 1201 1236 10 10 2480 2555 197 201 612 613 15 15 721 718 222 221 970 997 23 23 2613 2678 597 616 312 321 13 13 506 519 256 264 840 905 7 11 587 630 90 82 16384
10441 6457 9253 7797 789 1481 912 1484 506 2632 971 1850 242 498 376 429 237 1197 507 843 380 2769 670 2218 959 637 694 1028 14071 15464 9565 10429 5755 6421 8594 9252 7055 7776 771 731 1354 1477 888 880 1353 1481 440 500 2410 2623 861 964 1723 1845 208 238 412 455 327 371 380 407 171 195 1057 996 359 428 693 681 353 354 2215 2623 620 619 1792 2107 820 634 288 415 494 370 531 760 16384
6308 12186 9566 7514 773 606 1058 1302 1438 183 5 1014 589 324 5 2243 754 473 2 2143 312 581 1 1981 1095 347 2614 30 15864 15392 6295 6143 12178 11919 9547 9244 7478 7280 542 472 324 348 631 484 1082 1040 1425 1380 176 163 5 4 964 886 558 533 311 288 5 4 2132 1958 739 726 455 459 2 2 2082 2135 272 266 570 558 1 1 1969 1956 966 1027 307 271 2544 2613 25 23 16384
6245 5894 467 4275 1010 999 522 2619 3 360 4276 975 2 407 5250 3521 5 1551 4976 3238 6 1010 580 486 4636 1622 231 929 13834 13888 6053 6002 5858 5874 461 459 4195 4219 614 592 535 515 511 514 2575 2588 1 1 20 17 2705 2795 162 173 2 2 329 322 5238 5244 3491 3498 5 5 1516 1525 4774 4729 3208 3218 5 5 946 956 18 18 81 80 2775 2874 196 218 98 102 10 7 16384
7654 7293 4616 3889 3051 2570 2640 2103 4 54 1759 2302 3 44 726 1055 3 34 1227 1491 6 66 1726 1843 2656 2727 1014 924 10606 10556 5655 5227 5405 4962 4361 1759 3689 1443 1960 2367 1661 1984 1470 2199 1197 1725 3 3 40 36 1681 606 2189 826 2 2 27 35 371 601 529 892 1 1 15 11 185 1161 209 1423 4 4 46 46 1282 1136 1405 1170 2085 6 2210 4 91 645 108 579 16384
8606 8327 10037 11857 1582 1517 1681 1375 67 267 482 52 85 401 259 39 111 637 227 35 106 475 365 51 5607 4270 2577 2356 7973 13143 5764 7425 5175 7445 6076 9068 6688 11012 1409 138 1407 448 1138 186 1126 58 16 62 87 219 94 464 11 48 13 79 50 339 53 235 8 33 70 86 376 547 195 127 27 24 80 69 353 322 306 243 40 37 551 5232 193 3701 102 2222 2 1706 16384
2561 7502 9940 9824 608 1858 943 1867 6365 2048 183 672 1436 429 70 180 2395 901 49 257 1500 1038 75 399 471 1211 2557 1778 13404 14221 1924 2516 5927 7440 9109 9850 9200 9648 512 605 1828 1628 713 927 1839 1734 5249 6333 1607 2016 171 178 608 660 827 372 120 110 61 41 124 77 2384 1991 890 712 17 35 118 203 1109 1457 996 995 60 74 384 369 459 349 1200 999 1507 2321 907 1520 16384
6636 366 4399 4456 5387 546 4103 3853 4 4595 1687 1701 11 5948 2410 2681 3 3478 834 629 3 1158 481 953 2745 106 625 1101 14351 9255 6462 5136 336 129 4119 3685 4282 1965 4895 1746 532 261 4076 2392 3781 2800 3 1 4219 3964 1499 578 1439 1515 11 5 5371 1899 2352 1711 2643 1583 3 3 3417 1758 751 659 556 206 2 3 288 954 138 109 585 65 2540 967 60 105 444 76 897 981 16384
11770 10813 9584 10047 3322 3243 1518 1667 4 56 163 137 15 136 397 206 44 374 2005 981 1 11 316 168 977 1527 845 1510 14493 15672 11179 11732 10408 10728 9105 9552 9673 9967 2907 3302 2834 3222 1306 1503 1430 1649 0 1 19 34 14 49 44 82 13 15 120 135 342 393 178 204 42 44 360 370 1907 1998 945 973 1 1 11 11 285 316 152 168 106 330 522 948 106 306 538 960 16384
5584 4664 5557 4691 4037 2992 4106 3070 228 711 164 586 232 765 175 659 46 107 38 102 281 655 209 556 1708 1703 1873 1882 11015 11459 3409 3647 2845 3043 3355 3593 2831 3031 4001 3963 2817 2754 4070 4031 2891 2826 103 113 332 364 73 80 269 295 100 110 412 446 75 83 355 384 46 46 107 107 38 38 102 102 280 281 653 649 208 209 554 551 1558 1597 1566 1602 1685 1731 1709 1753 16384
10262 2501 10651 3238 1642 1632 1505 1889 240 5356 73 4282 342 2263 106 1915 215 1009 68 768 113 1368 39 1318 1153 1339 1348 1851 9817 12347 7329 9850 2319 2426 7463 10160 2986 3158 1318 1625 1085 1482 1137 1469 1132 1644 77 111 1950 3787 24 33 1485 2948 252 302 1923 2050 72 91 1521 1731 134 188 946 940 45 61 737 695 82 84 1172 756 30 30 1220 868 8 117 340 770 11 243 559 1163 16384
792 1807 6616 8475 1267 2642 4167 5376 2506 1572 1331 517 929 552 410 134 5111 4021 499 218 5125 4787 2183 1064 344 725 112 134 14673 12337 742 475 1725 1140 6363 3921 8240 5219 1186 1154 2395 2489 3650 3998 4506 5287 2404 1475 1453 809 1212 673 455 230 137 510 89 69 168 239 61 44 5040 3418 3961 2760 488 431 210 194 4662 4891 4288 4594 2093 1987 1004 987 272 130 581 249 25 45 54 10 16384
3619 2080 3781 1394 3656 2095 4204 1776 807 1869 450 2109 782 1835 572 2224 525 2509 428 3419 2545 1960 1704 2181 3089 567 3892 551 13776 7283 3349 1900 1642 680 3542 2066 1112 469 3590 2436 1593 617 4123 2769 1349 521 602 226 1755 1045 337 129 2009 1235 516 157 1822 1359 379 117 2213 1643 414 269 1745 580 337 201 2395 805 2387 1419 1550 648 1599 956 1734 731 1974 562 359 284 2521 736 362 246 16384
3813 7050 3821 7053 2705 3670 2708 3669 3128 345 3126 347 422 117 422 118 1647 146 1642 147 2599 275 2596 277 1320 3092 1319 3086 13238 13263 3634 3592 6785 6711 3641 3599 6788 6714 1610 1678 1965 2061 1612 1679 1964 2060 2917 2874 318 313 2915 2873 320 315 209 218 77 80 208 218 78 80 1541 1522 121 119 1537 1517 122 119 1633 1698 198 204 1631 1696 199 205 1081 1054 2888 2846 1080 1053 2882 2840 16384
4765 1453 3555 402 4084 1736 4926 903 207 2463 5 2165 229 1674 11 2323 214 3663 14 6128 588 2710 23 3038 4469 700 6110 532 12394 11550 4036 3266 1027 1199 2968 2490 261 348 3780 2304 854 1659 4558 2783 462 858 142 169 2172 1560 3 4 1910 1372 67 224 1663 534 3 10 2318 736 194 128 2943 2683 13 9 4903 4531 533 351 1173 2632 21 14 1198 2987 3464 3422 618 434 4733 4692 469 332 16384
6292 12430 9139 8512 1699 2165 1216 1556 2695 125 233 1243 1117 95 156 1042 870 75 85 1102 415 110 87 1286 576 589 2601 927 13101 9364 6188 4589 12414 8088 9100 5569 8326 4687 842 1348 105 987 534 1105 685 743 2584 1938 113 114 221 148 1207 1008 742 777 86 85 137 92 1026 798 450 57 50 15 34 37 880 668 300 142 75 18 56 43 623 197 427 330 58 51 2383 2300 276 797 16384
4965 7718 5020 2205 702 1495 889 1180 3364 1791 349 2559 1043 543 276 978 380 1198 233 5538 1227 1344 233 2024 2461 632 7294 1013 14398 14136 4881 4909 7696 7267 5010 4861 2144 1929 345 384 1428 1273 126 238 1158 1057 3327 3097 1731 1740 332 293 2512 2453 914 779 298 273 254 217 242 163 220 288 1034 1118 196 222 5275 5503 824 1026 1221 1076 177 210 1725 1457 2231 2374 457 546 7096 7273 891 969 16384
1777 312 3143 1018 722 84 1119 232 6637 8565 5707 8168 2634 4450 2230 4131 738 866 203 263 2906 1856 2532 1859 145 28 119 43 13279 11159 1627 902 282 151 2857 1557 912 480 676 669 83 64 1035 1047 230 182 6268 3747 8159 4972 5313 3074 7693 4558 911 2097 2159 4019 807 1790 2017 3729 553 216 588 187 123 43 123 21 2735 2737 1849 1540 2406 2362 1855 1515 51 17 13 6 12 41 10 19 16384
5906 3945 4561 4418 6043 554 5296 680 129 1608 699 453 101 2613 658 874 4 36 126 63 168 222 1046 74 185 157 778 937 7742 8096 1043 1164 621 698 892 989 793 884 4861 4985 527 522 4230 4340 650 642 18 20 260 291 108 122 79 88 42 44 1628 1694 268 285 538 561 1 1 7 7 8 9 1 1 129 133 222 222 811 834 74 74 1 0 8 9 30 38 69 83 16384
5865 8308 3884 7810 1180 1021 1073 797 1603 25 1988 28 2122 24 2430 33 3002 9 4620 15 802 10 754 14 1385 6798 1096 7651 13886 12277 5721 4602 7118 4637 3745 2968 6472 4059 914 682 973 736 830 632 709 483 891 476 22 20 916 403 24 22 1990 1685 21 17 2292 1912 29 24 2858 2908 7 6 4480 4461 13 11 642 574 7 7 612 562 11 11 564 1006 5566 6729 584 895 6596 7638 16384
1543 3799 7250 9916 207 391 2716 3196 964 153 347 30 1004 847 1294 443 8320 6472 2407 835 3212 2482 365 139 149 115 533 192 3383 15954 310 1542 872 3791 1418 7249 2220 9903 5 177 9 323 173 2605 180 3046 578 796 147 39 203 287 23 11 2 826 4 722 91 1246 33 428 1698 8318 1517 6457 507 2406 202 832 510 3204 387 2475 110 359 41 137 107 105 67 25 403 363 138 4 16384
1473 12124 4824 12050 1185 2294 1620 1128 6694 137 1699 31 2407 530 741 179 2674 777 762 395 548 152 826 131 1161 236 5033 935 13224 4629 1126 523 9708 3906 3628 1819 9270 4324 1136 65 1996 151 1559 61 968 83 5728 1707 137 5 1370 532 30 2 2300 61 529 17 701 75 175 13 1415 1632 512 372 397 459 283 162 501 80 110 56 782 71 105 30 898 409 224 3 4273 1324 930 5 16384
964 4515 2855 5570 2131 6252 3725 5505 1787 5 1463 126 993 9 672 123 4317 11 1923 106 4806 26 3450 433 521 4303 634 3008 15673 14712 939 822 4342 3693 2847 2611 5519 4950 2128 2000 6193 5550 3724 3486 5413 4771 1662 1358 4 4 1440 1274 125 115 927 761 9 9 613 494 121 120 4047 4300 10 10 1719 1881 81 88 4750 4268 26 23 3412 3094 426 384 383 460 3829 4265 295 418 2482 2902 16384
3717 2153 4085 2001 4532 4976 6666 6204 460 47 21 564 461 34 27 537 356 14 16 164 190 14 2 33 4780 7099 5170 6515 14062 5552 3250 200 1877 112 3583 227 1750 108 4079 2860 4486 3128 5743 4583 5358 4248 405 27 42 3 18 1 498 34 419 285 31 21 24 19 465 366 309 18 12 1 14 1 140 7 126 167 10 13 0 2 10 33 4254 312 6294 444 4588 327 5758 394 16384
12424 12531 9905 9299 1256 1257 1387 1446 34 188 508 819 31 185 617 1020 13 89 392 778 13 83 223 369 2306 1856 3261 2510 14602 14609 12421 12346 12518 12466 9872 9729 9254 9138 547 436 500 402 554 466 632 563 32 31 177 171 447 424 717 674 29 29 178 175 587 574 981 956 9 10 64 70 327 351 648 697 10 11 66 70 190 202 316 337 1268 1476 949 1119 2555 2785 1945 2125 16384
8174 8204 12919 12926 2140 2139 1443 1442 552 543 25 23 216 214 10 9 1115 1096 19 17 869 858 34 31 2646 2665 1710 1720 15291 11902 7742 5107 7769 5123 12611 9000 12617 9001 2123 1757 2123 1756 1441 1155 1440 1153 461 254 453 250 24 17 22 15 179 142 177 141 9 7 8 6 1091 978 1073 962 17 16 15 14 837 625 827 617 33 25 30 23 2255 2634 2274 2653 957 1563 967 1575 16384
3294 2858 718 552 650 659 269 233 3588 4099 6551 7070 972 1012 488 475 1823 1913 5076 5079 710 711 1120 1103 2752 2645 967 852 8060 12657 1038 2815 851 2404 302 658 222 499 189 542 195 553 136 247 118 212 2516 3529 2847 4042 5284 6438 5649 6967 480 638 507 652 397 354 398 346 215 1084 182 1077 612 3268 527 3148 279 229 270 205 218 163 179 144 2531 1847 2414 1837 718 661 626 604 16384
2887 5181 7708 3297 588 510 621 894 3022 1252 1496 4771 622 389 722 760 6367 565 2084 1198 584 997 494 2039 670 7120 1032 2947 15084 9519 2763 1381 4979 4363 7384 3698 3182 2670 560 283 248 232 595 319 710 436 2777 2690 1159 517 1381 1259 4448 2026 366 245 360 174 591 354 713 386 6055 2948 463 477 1974 948 917 1135 555 272 967 693 468 225 1994 1548 416 521 6573 2890 532 943 2689 1140 16384
2363 4657 4366 7271 355 488 542 518 2992 1292 2202 786 219 229 410 331 6841 5506 4311 2894 1030 943 750 611 761 590 1102 731 10209 13399 1258 2170 2743 4132 2379 3987 4322 6433 201 212 230 312 389 263 335 233 2741 1626 1264 517 1983 1258 758 345 198 72 227 75 380 214 304 177 3360 6452 2947 5071 2051 4096 1517 2682 606 913 529 854 367 708 301 575 676 409 513 194 1015 520 654 155 16384
1029 10000 551 9696 564 126 353 111 7221 134 7347 21 295 104 192 19 4195 71 5148 15 2303 105 2283 19 239 3646 177 4332 12170 8881 705 427 9104 6727 365 217 8752 6401 300 195 94 60 187 113 86 54 6837 5328 89 58 6916 5342 14 9 261 205 58 39 157 130 10 6 3140 1943 64 52 3947 2475 14 11 171 122 97 77 99 167 18 14 226 199 2636 1561 171 151 3215 1941 16384
7602 12898 10443 5497 1069 739 189 863 3463 558 257 2886 1114 287 143 753 641 177 151 2829 1226 217 220 945 666 361 4234 764 14944 14780 7310 7194 12196 12437 9673 10214 4969 5417 961 878 465 288 137 121 702 772 3310 3273 550 508 236 249 2753 2764 1046 905 283 260 128 135 719 721 374 522 145 152 134 116 2729 2518 1148 1114 152 197 205 195 560 684 615 515 46 155 4212 3701 677 429 16384
1593 9781 9162 449 579 169 1099 305 4166 5 282 5139 932 9 674 2590 6424 14 484 7526 805 13 222 151 435 4572 4054 77 15689 13705 1588 1457 9391 7974 9096 8213 427 359 571 514 143 164 999 809 294 252 3810 3073 5 5 252 209 5134 4872 881 862 8 8 635 533 2305 1815 6377 5764 14 11 483 447 7214 6113 735 611 12 10 220 202 99 86 374 306 4568 4363 3672 2931 70 70 16384
10216 9780 3884 9070 4058 4265 1363 2762 77 110 556 118 635 419 2689 500 916 560 6299 896 25 12 702 173 450 1170 141 1568 16096 3772 10212 2746 9755 2924 3880 1082 9039 2774 3863 372 4049 376 1324 173 2657 294 72 34 109 17 532 245 117 19 613 72 406 49 2617 342 490 70 914 264 556 183 6294 1739 891 285 24 10 12 4 623 33 160 14 396 269 1151 179 115 92 1541 234 16384
10317 5926 1629 5381 4628 2968 1791 4479 1 3330 3297 410 0 354 440 154 0 360 3875 468 1 2398 3786 599 643 201 1162 4217 12272 10326 8061 6802 4547 3812 1202 995 3877 3181 3779 3241 1966 1570 1459 1250 3001 2405 1 1 2638 2238 2301 1869 294 241 0 0 337 339 38 17 151 146 0 0 222 173 3131 2674 373 317 1 1 1629 1311 3068 2624 403 324 322 235 90 64 960 828 3515 3039 16384
2463 8298 5810 10239 1076 795 1466 576 2171 420 1842 47 2721 774 1965 52 5012 315 2389 16 2581 252 2542 22 218 4075 146 2866 13713 15586 2056 2434 7228 8282 4958 5783 9098 10235 950 1015 310 228 1310 1357 72 21 1785 2142 310 404 1528 1810 36 46 1463 2317 598 758 1173 1741 41 51 4851 4851 314 284 2336 2241 15 13 2351 2567 252 229 2277 2520 22 20 178 195 3738 4052 105 110 2732 2810 16384
7706 12372 2566 10728 533 1949 475 1953 2273 121 7917 1037 685 27 1107 131 243 35 1415 302 684 96 1356 713 1869 1398 291 641 6824 13295 2808 6258 4441 9994 1259 2312 5071 9546 306 491 921 1734 235 429 743 1610 773 1800 41 96 3642 6980 493 924 232 542 8 20 311 806 55 106 209 168 27 30 49 475 37 124 404 643 40 81 911 1311 324 618 1586 1827 1330 1309 78 81 63 20 16384
5785 5379 6482 6097 4178 4092 4750 4696 515 646 217 295 949 1081 439 541 926 1016 402 476 288 330 118 146 2214 2351 2572 2753 13451 12645 4937 4507 4590 4190 5570 5095 5240 4793 3984 3780 3900 3700 4662 4497 4608 4444 443 406 556 509 187 171 254 233 898 850 1024 969 428 411 527 506 794 726 873 799 341 312 405 370 63 85 70 95 9 14 10 16 1740 1555 1856 1660 2027 1812 2178 1949 16384
4049 2895 2930 3424 10449 4079 8499 5305 123 1113 734 225 16 1585 107 369 30 257 296 83 363 1683 2414 388 844 636 994 1265 12417 12145 2876 3579 2032 2575 2439 2270 2831 2675 8837 7937 2781 3684 7171 6476 3598 4802 86 109 790 984 608 573 188 174 5 2 1530 883 35 11 355 207 5 7 57 45 6 218 1 58 307 276 1138 1526 2044 1831 263 351 157 173 90 164 8 710 25 958 16384
3575 6314 2240 4639 2141 2812 1673 2551 2078 921 2347 1112 354 558 355 742 3157 1758 4460 2791 4227 2590 4628 3238 591 1159 471 1078 9282 12143 1848 2665 3255 4700 1058 1580 2184 3267 1163 1644 1532 2164 917 1290 1428 1993 1025 1506 451 665 969 1525 437 701 182 263 294 421 145 229 346 519 2805 3005 1487 1598 3971 4341 2417 2642 1549 2501 1068 1635 1595 2644 1265 1979 467 340 1073 883 429 349 1051 925 16384
4412 341 8869 4191 1533 403 3934 4739 1423 7244 128 396 1436 2080 437 346 3601 3342 409 134 987 1901 49 42 742 612 2293 6235 12690 15081 2902 4241 208 315 6037 8627 2882 4085 1461 1100 395 330 3922 3172 4726 4042 1140 1412 5294 7152 92 122 272 382 1426 1154 2003 1402 424 405 334 313 2264 3423 2105 3182 241 381 67 117 939 866 1881 1673 35 34 38 32 469 700 385 581 1778 2284 4313 6090 16384
13729 13820 11026 11212 1047 1048 1164 1160 77 65 318 293 199 170 920 866 295 251 1532 1430 81 69 320 303 692 696 779 808 13198 14184 12379 12738 12489 12797 9953 10201 10144 10354 241 768 227 760 474 916 454 901 40 50 33 43 194 191 173 178 125 191 107 163 532 883 504 832 283 253 241 215 1458 1331 1364 1237 77 70 66 59 304 271 289 256 33 91 20 116 10 266 13 308 16384
9312 13959 12341 14105 916 319 661 357 2284 3 1180 321 506 1 310 103 941 1 279 59 1003 2 570 176 325 1508 80 552 11403 9896 6172 5217 9779 8379 8447 7197 10169 8776 520 427 263 235 329 265 267 232 1681 1461 2 2 886 774 220 188 304 263 1 1 213 188 64 56 773 699 1 1 214 194 42 38 536 436 2 1 315 257 133 117 319 308 1271 1145 54 60 501 464 16384
9488 11209 9111 6104 1276 716 1539 1036 1922 601 235 1839 199 122 35 276 351 197 186 1798 1312 224 245 715 1771 933 4907 2225 11986 13287 6755 7556 8005 8949 6148 6952 4133 4670 793 911 430 497 990 1130 682 775 1393 1553 434 484 160 181 1245 1407 144 161 83 94 24 27 181 206 309 322 172 183 158 170 1499 1617 921 1032 148 168 171 192 461 523 1624 1705 919 930 4212 4513 2003 2115 16384
3959 3114 3132 2499 938 1256 535 799 40 253 3 38 33 160 3 28 32 148 4 35 49 266 6 55 9893 9876 10930 11351 15418 15461 3778 3941 2896 3068 2991 3119 2318 2461 872 785 1171 1059 432 362 668 570 39 36 246 232 3 3 36 34 32 31 155 148 3 3 27 26 29 31 134 142 4 4 32 34 45 48 243 258 5 6 51 54 9891 9649 9868 9675 10930 10665 11349 11128 16384
646 2075 2582 2874 2520 5513 2245 1901 3237 1451 0 215 7881 5031 0 314 1453 1096 0 311 15 19 0 843 611 1160 4132 2868 13468 14085 618 595 2056 2072 2476 2364 2863 2871 2298 2409 5039 5280 2013 2122 1751 1830 1562 1853 401 516 0 0 22 33 7440 7707 4730 4905 0 0 284 298 1329 1246 1095 1091 0 0 309 310 14 13 18 19 0 0 769 806 195 248 113 182 1947 2321 773 1011 16384
